Startup CPU time:        0.216 sec summed across    1 PEs.
         Day, Step number,     CPU time, CPU time change
       0.000,           0,        0.216,        0.216
       1.000,           1,        0.469,        0.253
       2.000,           2,        0.746,        0.277
       3.000,           3,        1.027,        0.281
       4.000,           4,        1.262,        0.235
       5.000,           5,        1.528,        0.266
       6.000,           6,        1.773,        0.245
       7.000,           7,        2.027,        0.254
       8.000,           8,        2.311,        0.284
       9.000,           9,        2.560,        0.249
      10.000,          10,        2.836,        0.276
      11.000,          11,        3.129,        0.293
      12.000,          12,        3.388,        0.259
      13.000,          13,        3.640,        0.252
      14.000,          14,        3.909,        0.269
      15.000,          15,        4.197,        0.288
      16.000,          16,        4.451,        0.254
      17.000,          17,        4.713,        0.262
      18.000,          18,        4.974,        0.261
      19.000,          19,        5.226,        0.252
      20.000,          20,        5.477,        0.251
      21.000,          21,        5.764,        0.287
      22.000,          22,        6.026,        0.262
      23.000,          23,        6.297,        0.271
      24.000,          24,        6.563,        0.266
      25.000,          25,        6.804,        0.241
      26.000,          26,        7.059,        0.255
      27.000,          27,        7.311,        0.252
      28.000,          28,        7.575,        0.264
      29.000,          29,        7.831,        0.256
      30.000,          30,        8.092,        0.261
      31.000,          31,        8.356,        0.264
