
--------------------------

Time     1   0  1.50 U-velocity violation at    0:   9 10 (  11.00 E   58.50 N) Layers   1 to  14. dt =  3600.    

Layers:         1          2          3          4          5          6          7          8          9         10         11         12         13         14 
u(m):   9.465E+00  9.440E+00  9.708E+00  9.860E+00  9.862E+00  9.870E+00  9.878E+00  9.867E+00  9.872E+00  9.879E+00  9.885E+00  9.890E+00  9.879E+00  9.639E+00 
u(3):   6.238E+00  6.248E+00  6.281E+00  6.280E+00  6.279E+00  6.286E+00  6.294E+00  6.294E+00  6.302E+00  6.310E+00  6.318E+00  6.325E+00  6.328E+00  6.233E+00 
CFL u:  5.865E-01  5.849E-01  6.015E-01  6.110E-01  6.111E-01  6.116E-01  6.121E-01  6.114E-01  6.117E-01  6.121E-01  6.125E-01  6.128E-01  6.121E-01  5.973E-01 
CFL0 u: 5.865E-01  5.849E-01  6.015E-01  6.110E-01  6.111E-01  6.116E-01  6.121E-01  6.114E-01  6.117E-01  6.121E-01  6.125E-01  6.128E-01  6.121E-01  5.973E-01 
CAu:   -1.847E-01 -2.076E-01 -6.924E-02  6.284E-02  6.333E-02  6.373E-02  6.398E-02  6.428E-02  6.466E-02  6.529E-02  6.612E-02  6.724E-02  6.882E-02  7.146E-02 
PFu:    8.092E+01  8.099E+01  8.105E+01  8.106E+01  8.107E+01  8.108E+01  8.108E+01  8.108E+01  8.109E+01  8.109E+01  8.109E+01  8.110E+01  8.110E+01  8.111E+01 
diffu: -5.506E-01 -5.629E-01 -4.844E-01 -4.628E-01 -4.620E-01 -4.622E-01 -4.628E-01 -4.627E-01 -4.633E-01 -4.639E-01 -4.644E-01 -4.648E-01 -4.647E-01 -4.550E-01 
a:      0.000E+00  5.667E-06  5.758E-06  9.870E-06  9.822E-06  9.820E-06  9.704E-06  9.521E-06  9.491E-06  1.956E-04  1.956E-04  1.956E-04  1.956E-04  1.956E-04 
hvel:   1.062E+01  2.467E+01  1.006E+01  1.020E+01  1.016E+01  1.021E+01  1.040E+01  1.061E+01  1.072E+01  1.111E+01  1.137E+01  1.197E+01  1.269E+01  2.150E+01 
Stress:   1.619E-01
dubt:  -7.072E+01 -7.076E+01 -7.078E+01 -7.079E+01 -7.080E+01 -7.081E+01 -7.081E+01 -7.081E+01 -7.082E+01 -7.082E+01 -7.082E+01 -7.082E+01 -7.082E+01 -7.082E+01 


h--:    1.000E-03  1.000E-03  1.000E-03  1.000E-03  1.000E-03  1.000E-03  1.000E-03  1.000E-03  1.000E-03  1.000E-03  1.000E-03  1.000E-03  1.000E-03  1.000E-03 
h+-:    1.050E+01  2.683E+01  9.460E+00  1.480E-03  1.480E-03  1.480E-03  1.480E-03  1.480E-03  1.480E-03  1.480E-03  1.480E-03  1.480E-03  1.445E-03  1.000E-03 
h-0:    1.053E+01  2.020E+01  2.010E+01  2.041E+01  2.031E+01  2.042E+01  2.080E+01  2.121E+01  2.142E+01  2.221E+01  2.271E+01  2.391E+01  2.534E+01  4.292E+01 
h+0:    1.071E+01  2.915E+01  1.690E-02  2.450E-03  1.749E-03  1.000E-03  4.555E-03  9.724E-03  1.471E-02  2.026E-02  2.600E-02  3.347E-02  4.433E-02  8.544E-02 
h-+:    1.000E-03  1.000E-03  1.000E-03  1.000E-03  1.000E-03  1.000E-03  1.000E-03  1.000E-03  1.000E-03  1.000E-03  1.000E-03  1.000E-03  1.000E-03  1.000E-03 
h++:    1.000E-03  1.000E-03  1.000E-03  1.000E-03  1.000E-03  1.000E-03  1.000E-03  1.000E-03  1.000E-03  1.000E-03  1.000E-03  1.000E-03  1.000E-03  1.000E-03 
e-:     1.566E+02  1.461E+02  1.259E+02  1.058E+02  8.538E+01  6.507E+01  4.465E+01  2.385E+01  2.641E+00 -1.878E+01 -4.098E+01 -6.369E+01 -8.760E+01 -1.129E+02 -1.559E+02 
e+:     2.017E+01  9.465E+00 -1.969E+01 -1.970E+01 -1.970E+01 -1.971E+01 -1.971E+01 -1.971E+01 -1.972E+01 -1.974E+01 -1.976E+01 -1.978E+01 -1.982E+01 -1.986E+01 -1.995E+01 
T-:     3.594E+00  4.255E+00  5.047E+00  5.762E+00  6.566E+00  6.850E+00  6.952E+00  6.991E+00  7.022E+00  7.042E+00  7.043E+00  7.031E+00  7.041E+00  7.070E+00 
T+:     3.404E+00  4.289E+00  6.309E+00  6.311E+00  6.311E+00  6.311E+00  6.311E+00  6.311E+00  6.312E+00  6.313E+00  6.314E+00  6.315E+00  6.315E+00  6.314E+00 
S-:     1.492E+01  1.554E+01  1.609E+01  1.649E+01  1.685E+01  1.710E+01  1.723E+01  1.728E+01  1.732E+01  1.737E+01  1.741E+01  1.744E+01  1.747E+01  1.749E+01 
S+:     1.364E+01  1.472E+01  1.674E+01  1.674E+01  1.674E+01  1.674E+01  1.674E+01  1.674E+01  1.674E+01  1.674E+01  1.674E+01  1.674E+01  1.674E+01  1.674E+01 
vh--:   0.000E+00  0.000E+00  0.000E+00  0.000E+00  0.000E+00  0.000E+00  0.000E+00  0.000E+00  0.000E+00  0.000E+00  0.000E+00  0.000E+00  0.000E+00  0.000E+00 
 vhC--: 0.000E+00  0.000E+00  0.000E+00  0.000E+00  0.000E+00  0.000E+00  0.000E+00  0.000E+00  0.000E+00  0.000E+00  0.000E+00  0.000E+00  0.000E+00  0.000E+00 
vh-+:   0.000E+00  0.000E+00  0.000E+00  0.000E+00  0.000E+00  0.000E+00  0.000E+00  0.000E+00  0.000E+00  0.000E+00  0.000E+00  0.000E+00  0.000E+00  0.000E+00 
 vhC-+: 0.000E+00  0.000E+00  0.000E+00  0.000E+00  0.000E+00  0.000E+00  0.000E+00  0.000E+00  0.000E+00  0.000E+00  0.000E+00  0.000E+00  0.000E+00  0.000E+00 
vh+-:  -2.116E+01 -5.592E+01 -1.034E+01 -9.900E-01 -9.799E-01 -9.819E-01 -9.954E-01 -1.002E+00 -9.910E-01 -9.946E-01 -9.689E-01 -9.497E-01 -9.004E-01 -1.227E+00 
 vhC+-:-1.743E+01 -4.603E+01 -7.160E+00 -5.906E-04 -4.827E-04 -3.691E-04 -8.924E-04 -1.634E-03 -2.308E-03 -2.995E-03 -3.600E-03 -4.260E-03 -4.985E-03 -7.363E-03 
vh++:   0.000E+00  0.000E+00  0.000E+00  0.000E+00  0.000E+00  0.000E+00  0.000E+00  0.000E+00  0.000E+00  0.000E+00  0.000E+00  0.000E+00  0.000E+00  0.000E+00 
 vhC++: 0.000E+00  0.000E+00  0.000E+00  0.000E+00  0.000E+00  0.000E+00  0.000E+00  0.000E+00  0.000E+00  0.000E+00  0.000E+00  0.000E+00  0.000E+00  0.000E+00 
D:      1.567E+02 2.000E+01




--------------------------

Time     1   0  1.50 U-velocity violation at    0:   7 17 (   9.00 E   65.44 N) Layers   1 to  21. dt =  3600.    

Layers:         1          2          3          4          5          6          7          8          9         10         11         12         13         14         15         16         17         18         19         20         21 
u(m):   7.096E+00  7.117E+00  7.121E+00  7.123E+00  7.127E+00  7.129E+00  7.127E+00  7.130E+00  7.132E+00  7.132E+00  7.133E+00  7.135E+00  7.133E+00  7.132E+00  7.133E+00  7.134E+00  7.136E+00  7.140E+00  7.182E+00  7.199E+00  7.093E+00 
u(3):   3.679E+00  3.695E+00  3.698E+00  3.699E+00  3.701E+00  3.702E+00  3.704E+00  3.705E+00  3.706E+00  3.708E+00  3.709E+00  3.710E+00  3.711E+00  3.711E+00  3.712E+00  3.713E+00  3.715E+00  3.716E+00  3.717E+00  3.718E+00  3.695E+00 
CFL u:  5.510E-01  5.526E-01  5.529E-01  5.530E-01  5.534E-01  5.535E-01  5.534E-01  5.536E-01  5.537E-01  5.538E-01  5.538E-01  5.540E-01  5.538E-01  5.538E-01  5.538E-01  5.539E-01  5.540E-01  5.544E-01  5.576E-01  5.589E-01  5.507E-01 
CFL0 u: 5.526E-01  5.542E-01  5.545E-01  5.547E-01  5.550E-01  5.551E-01  5.550E-01  5.552E-01  5.554E-01  5.554E-01  5.555E-01  5.556E-01  5.554E-01  5.554E-01  5.554E-01  5.555E-01  5.557E-01  5.560E-01  5.593E-01  5.606E-01  5.523E-01 
CAu:   -1.120E+00 -1.120E+00 -1.120E+00 -1.122E+00 -1.121E+00 -1.121E+00 -1.125E+00 -1.124E+00 -1.124E+00 -1.126E+00 -1.126E+00 -1.125E+00 -1.130E+00 -1.131E+00 -1.132E+00 -1.132E+00 -1.133E+00 -1.131E+00 -1.097E+00 -1.191E+00 -1.184E+00 
PFu:    1.465E+01  1.465E+01  1.465E+01  1.465E+01  1.465E+01  1.466E+01  1.466E+01  1.466E+01  1.466E+01  1.466E+01  1.466E+01  1.466E+01  1.466E+01  1.466E+01  1.466E+01  1.466E+01  1.466E+01  1.466E+01  1.466E+01  1.467E+01  1.467E+01 
diffu: -2.249E-03 -1.543E-03 -1.421E-03 -9.052E-04 -1.074E-03 -6.938E-04 -2.145E-04 -2.148E-04 -7.200E-05  3.790E-04  3.635E-04  5.307E-04  9.805E-04  7.530E-04  8.584E-04  1.072E-03  1.341E-03  2.268E-03  6.541E-03  1.200E-01  7.922E-02 
a:      0.000E+00  2.490E-03  5.901E-03  5.600E-03  4.923E-06  4.896E-06  4.857E-06  4.778E-06  4.708E-06  5.298E-04  4.424E-06  4.268E-06  4.541E-04  1.265E-03  3.440E-06  3.091E-06  2.719E-06  2.330E-06  1.953E-06  1.259E-03  4.456E-04 
hvel:   1.036E+01  2.035E+01  2.018E+01  2.024E+01  2.039E+01  2.046E+01  2.072E+01  2.114E+01  2.134E+01  2.224E+01  2.297E+01  2.389E+01  2.524E+01  2.766E+01  3.049E+01  3.421E+01  3.934E+01  4.650E+01  5.592E+01  8.200E+01  9.834E+01 
Stress:  -4.325E-01
dubt:  -6.404E+00 -6.403E+00 -6.403E+00 -6.403E+00 -6.403E+00 -6.403E+00 -6.403E+00 -6.403E+00 -6.402E+00 -6.402E+00 -6.402E+00 -6.402E+00 -6.402E+00 -6.401E+00 -6.401E+00 -6.402E+00 -6.402E+00 -6.402E+00 -6.401E+00 -6.402E+00 -6.402E+00 


h--:    1.198E+01  2.073E+01  2.068E+01  2.096E+01  1.998E+01  1.941E+01  2.160E+01  2.142E+01  2.224E+01  2.188E+01  2.302E+01  2.381E+01  2.484E+01  2.665E+01  2.973E+01  3.324E+01  3.985E+01  4.636E+01  7.570E+01  5.144E+01  1.342E-02 
h+-:    1.133E+01  2.009E+01  2.061E+01  1.998E+01  2.070E+01  2.122E+01  1.971E+01  2.124E+01  2.112E+01  2.271E+01  2.201E+01  2.349E+01  2.513E+01  2.736E+01  2.988E+01  3.419E+01  3.939E+01  4.650E+01  8.637E+01  2.259E+01  5.069E-03 
h-0:    1.050E+01  2.030E+01  2.012E+01  2.037E+01  2.028E+01  2.034E+01  2.077E+01  2.118E+01  2.130E+01  2.230E+01  2.280E+01  2.390E+01  2.533E+01  2.761E+01  3.044E+01  3.424E+01  3.940E+01  4.641E+01  5.603E+01  7.259E+01  1.274E+02 
h+0:    1.022E+01  2.039E+01  2.023E+01  2.010E+01  2.049E+01  2.058E+01  2.067E+01  2.110E+01  2.138E+01  2.217E+01  2.314E+01  2.388E+01  2.516E+01  2.771E+01  3.054E+01  3.419E+01  3.928E+01  4.659E+01  5.581E+01  9.142E+01  6.927E+01 
h-+:    1.020E+01  2.038E+01  2.035E+01  2.035E+01  2.021E+01  2.051E+01  2.085E+01  2.103E+01  2.135E+01  2.226E+01  2.290E+01  2.386E+01  2.532E+01  2.759E+01  3.045E+01  3.417E+01  3.926E+01  4.662E+01  5.571E+01  1.040E+02  3.139E+01 
h++:    1.019E+01  2.039E+01  2.011E+01  2.042E+01  2.049E+01  2.056E+01  2.066E+01  2.108E+01  2.141E+01  2.221E+01  2.291E+01  2.384E+01  2.525E+01  2.770E+01  3.044E+01  3.418E+01  3.930E+01  4.635E+01  9.300E+01  5.753E-01  2.826E-03 
e-:     3.518E+02  3.413E+02  3.210E+02  3.009E+02  2.805E+02  2.603E+02  2.399E+02  2.191E+02  1.980E+02  1.767E+02  1.544E+02  1.316E+02  1.077E+02  8.233E+01  5.472E+01  2.429E+01 -9.949E+00 -4.935E+01 -9.575E+01 -1.518E+02 -2.244E+02 -3.518E+02 
e+:     3.322E+02  3.220E+02  3.016E+02  2.814E+02  2.613E+02  2.408E+02  2.202E+02  1.995E+02  1.784E+02  1.570E+02  1.349E+02  1.117E+02  8.784E+01  6.269E+01  3.497E+01  4.437E+00 -2.976E+01 -6.903E+01 -1.156E+02 -1.714E+02 -2.629E+02 -3.321E+02 
T-:     7.383E+00  7.414E+00  7.441E+00  7.457E+00  7.499E+00  7.528E+00  7.555E+00  7.578E+00  7.596E+00  7.606E+00  7.615E+00  7.626E+00  7.642E+00  7.659E+00  7.681E+00  7.691E+00  7.694E+00  7.694E+00  7.693E+00  7.709E+00  7.692E+00 
T+:     7.335E+00  7.372E+00  7.402E+00  7.437E+00  7.461E+00  7.481E+00  7.500E+00  7.523E+00  7.553E+00  7.587E+00  7.613E+00  7.635E+00  7.661E+00  7.693E+00  7.724E+00  7.748E+00  7.773E+00  7.806E+00  7.878E+00  8.021E+00  8.085E+00 
S-:     1.750E+01  1.750E+01  1.750E+01  1.750E+01  1.751E+01  1.752E+01  1.753E+01  1.753E+01  1.754E+01  1.754E+01  1.754E+01  1.754E+01  1.755E+01  1.755E+01  1.756E+01  1.757E+01  1.758E+01  1.759E+01  1.759E+01  1.760E+01  1.760E+01 
S+:     1.742E+01  1.743E+01  1.743E+01  1.744E+01  1.744E+01  1.745E+01  1.746E+01  1.747E+01  1.748E+01  1.749E+01  1.750E+01  1.750E+01  1.751E+01  1.752E+01  1.753E+01  1.754E+01  1.756E+01  1.757E+01  1.759E+01  1.761E+01  1.762E+01 
vh--:  -2.662E+01 -4.878E+01 -4.824E+01 -4.919E+01 -4.784E+01 -4.731E+01 -5.034E+01 -5.057E+01 -5.170E+01 -5.247E+01 -5.432E+01 -5.675E+01 -5.963E+01 -6.458E+01 -7.150E+01 -8.024E+01 -9.403E+01 -1.109E+02 -1.537E+02 -1.327E+02 -1.867E+02 
 vhC--:-2.908E+01 -5.297E+01 -5.265E+01 -5.334E+01 -5.195E+01 -5.127E+01 -5.465E+01 -5.494E+01 -5.615E+01 -5.699E+01 -5.909E+01 -6.153E+01 -6.470E+01 -6.998E+01 -7.759E+01 -8.699E+01 -1.022E+02 -1.196E+02 -1.700E+02 -1.601E+02 -1.634E+02 
vh-+:  -1.684E+01 -3.297E+01 -3.297E+01 -3.311E+01 -3.300E+01 -3.326E+01 -3.388E+01 -3.441E+01 -3.450E+01 -3.640E+01 -3.724E+01 -3.875E+01 -4.155E+01 -4.498E+01 -4.974E+01 -5.588E+01 -6.417E+01 -7.593E+01 -8.671E+01 -1.508E+02 -1.479E+02 
 vhC-+:-1.865E+01 -3.644E+01 -3.623E+01 -3.645E+01 -3.625E+01 -3.658E+01 -3.727E+01 -3.781E+01 -3.821E+01 -3.993E+01 -4.096E+01 -4.281E+01 -4.542E+01 -4.951E+01 -5.464E+01 -6.141E+01 -7.065E+01 -8.359E+01 -1.005E+02 -1.589E+02 -1.419E+02 
vh+-:  -2.137E+01 -3.959E+01 -4.002E+01 -3.915E+01 -4.006E+01 -4.054E+01 -3.942E+01 -4.125E+01 -4.141E+01 -4.381E+01 -4.390E+01 -4.538E+01 -4.982E+01 -5.561E+01 -6.111E+01 -6.904E+01 -7.973E+01 -9.221E+01 -1.390E+02 -1.354E+02 -1.137E+02 
 vhC+-:-2.335E+01 -4.377E+01 -4.415E+01 -4.332E+01 -4.452E+01 -4.517E+01 -4.364E+01 -4.577E+01 -4.594E+01 -4.852E+01 -4.881E+01 -5.121E+01 -5.437E+01 -5.955E+01 -6.533E+01 -7.395E+01 -8.510E+01 -1.007E+02 -1.539E+02 -1.233E+02 -7.420E+01 
vh++:  -1.157E+01 -2.297E+01 -2.261E+01 -2.283E+01 -2.293E+01 -2.301E+01 -2.339E+01 -2.370E+01 -2.413E+01 -2.493E+01 -2.604E+01 -2.705E+01 -2.831E+01 -3.114E+01 -3.430E+01 -3.850E+01 -4.428E+01 -5.169E+01 -7.867E+01 -6.986E+01 -2.065E+01 
 vhC++:-1.223E+01 -2.416E+01 -2.391E+01 -2.403E+01 -2.432E+01 -2.443E+01 -2.456E+01 -2.507E+01 -2.546E+01 -2.642E+01 -2.742E+01 -2.843E+01 -3.005E+01 -3.306E+01 -3.641E+01 -4.085E+01 -4.699E+01 -5.563E+01 -8.915E+01 -5.485E+01 -4.023E+01 
D:      3.519E+02 3.322E+02




--------------------------

Time     1   0  1.50 U-velocity violation at    0:   8 17 (  10.00 E   65.43 N) Layers   1 to  21. dt =  3600.    

Layers:         1          2          3          4          5          6          7          8          9         10         11         12         13         14         15         16         17         18         19         20         21 
u(m):   7.771E+00  7.812E+00  7.817E+00  7.824E+00  7.731E+00  7.735E+00  7.745E+00  7.748E+00  7.751E+00  7.754E+00  7.750E+00  7.768E+00  7.758E+00  7.724E+00  7.727E+00  7.729E+00  7.732E+00  7.771E+00  7.748E+00  7.887E+00  7.850E+00 
u(3):   4.780E+00  4.805E+00  4.809E+00  4.813E+00  4.817E+00  4.820E+00  4.824E+00  4.828E+00  4.831E+00  4.835E+00  4.837E+00  4.840E+00  4.842E+00  4.844E+00  4.846E+00  4.849E+00  4.852E+00  4.856E+00  4.855E+00  4.836E+00  4.794E+00 
CFL u:  6.032E-01  6.064E-01  6.068E-01  6.073E-01  6.001E-01  6.004E-01  6.011E-01  6.014E-01  6.016E-01  6.019E-01  6.016E-01  6.030E-01  6.022E-01  5.996E-01  5.998E-01  5.999E-01  6.002E-01  6.032E-01  6.014E-01  6.122E-01  6.093E-01 
CFL0 u: 6.050E-01  6.083E-01  6.087E-01  6.092E-01  6.020E-01  6.023E-01  6.030E-01  6.032E-01  6.035E-01  6.038E-01  6.034E-01  6.049E-01  6.040E-01  6.014E-01  6.017E-01  6.018E-01  6.020E-01  6.051E-01  6.033E-01  6.141E-01  6.112E-01 
CAu:   -1.214E+00 -1.211E+00 -1.211E+00 -1.211E+00 -1.217E+00 -1.217E+00 -1.216E+00 -1.216E+00 -1.217E+00 -1.218E+00 -1.220E+00 -1.208E+00 -1.230E+00 -1.254E+00 -1.255E+00 -1.255E+00 -1.256E+00 -1.235E+00 -1.234E+00 -6.293E-01 -5.776E-01 
PFu:    6.085E+01  6.085E+01  6.086E+01  6.086E+01  6.086E+01  6.086E+01  6.087E+01  6.087E+01  6.087E+01  6.087E+01  6.088E+01  6.088E+01  6.088E+01  6.088E+01  6.088E+01  6.089E+01  6.089E+01  6.089E+01  6.089E+01  6.089E+01  6.089E+01 
diffu:  2.450E-01  2.422E-01  2.426E-01  2.434E-01  1.520E-01  1.513E-01  1.551E-01  1.535E-01  1.526E-01  1.525E-01  1.463E-01  1.517E-01  1.565E-01  1.457E-01  1.465E-01  1.451E-01  1.446E-01  1.578E-01  1.106E-01 -2.734E-01 -2.237E-01 
a:      0.000E+00  6.567E-06  1.257E-03  4.946E-06  4.929E-06  4.926E-06  4.840E-06  4.733E-06  4.685E-06  4.573E-06  4.490E-06  4.329E-06  9.902E-04  3.750E-06  3.442E-06  3.092E-06  2.717E-06  2.095E-06  1.975E-06  1.911E-03  8.287E-03 
hvel:   1.023E+01  2.022E+01  2.015E+01  2.029E+01  2.029E+01  2.032E+01  2.100E+01  2.125E+01  2.144E+01  2.230E+01  2.224E+01  2.396E+01  2.568E+01  2.765E+01  3.046E+01  3.424E+01  3.938E+01  5.608E+01  4.516E+01  4.575E+01  3.465E+01 
Stress:  -3.521E-01
dubt:  -5.206E+01 -5.206E+01 -5.206E+01 -5.206E+01 -5.206E+01 -5.206E+01 -5.206E+01 -5.206E+01 -5.206E+01 -5.206E+01 -5.206E+01 -5.206E+01 -5.206E+01 -5.206E+01 -5.206E+01 -5.206E+01 -5.206E+01 -5.206E+01 -5.206E+01 -5.206E+01 -5.206E+01 


h--:    1.133E+01  2.009E+01  2.061E+01  1.998E+01  2.070E+01  2.122E+01  1.971E+01  2.124E+01  2.112E+01  2.271E+01  2.201E+01  2.349E+01  2.513E+01  2.736E+01  2.988E+01  3.419E+01  3.939E+01  4.650E+01  8.637E+01  2.259E+01  5.069E-03 
h+-:    9.746E+00  1.958E+01  1.950E+01  2.026E+01  1.998E+01  2.054E+01  2.085E+01  2.163E+01  2.159E+01  2.153E+01  2.409E+01  3.234E+01  1.429E+01  2.222E-01  5.181E-01  6.460E-02  8.915E-03  1.144E-02  2.473E-02  6.195E-03  1.960E-03 
h-0:    1.022E+01  2.039E+01  2.023E+01  2.010E+01  2.049E+01  2.058E+01  2.067E+01  2.110E+01  2.138E+01  2.217E+01  2.314E+01  2.388E+01  2.516E+01  2.771E+01  3.054E+01  3.419E+01  3.928E+01  4.659E+01  5.581E+01  9.142E+01  6.927E+01 
h+0:    1.024E+01  2.005E+01  2.006E+01  2.048E+01  2.008E+01  2.006E+01  2.134E+01  2.140E+01  2.149E+01  2.243E+01  2.134E+01  2.405E+01  2.620E+01  2.758E+01  3.038E+01  3.428E+01  3.948E+01  6.558E+01  3.452E+01  6.870E-02  3.040E-02 
h-+:    1.019E+01  2.039E+01  2.011E+01  2.042E+01  2.049E+01  2.056E+01  2.066E+01  2.108E+01  2.141E+01  2.221E+01  2.291E+01  2.384E+01  2.525E+01  2.770E+01  3.044E+01  3.418E+01  3.930E+01  4.635E+01  9.300E+01  5.753E-01  2.826E-03 
h++:    1.033E+01  2.011E+01  2.020E+01  2.047E+01  2.033E+01  2.047E+01  2.074E+01  2.124E+01  2.145E+01  2.220E+01  2.275E+01  2.389E+01  2.532E+01  2.767E+01  3.041E+01  3.417E+01  3.944E+01  4.629E+01  5.606E+01  1.099E+02  1.288E+01 
e-:     3.322E+02  3.220E+02  3.016E+02  2.814E+02  2.613E+02  2.408E+02  2.202E+02  1.995E+02  1.784E+02  1.570E+02  1.349E+02  1.117E+02  8.784E+01  6.269E+01  3.497E+01  4.437E+00 -2.976E+01 -6.903E+01 -1.156E+02 -1.714E+02 -2.629E+02 -3.321E+02 
e+:     2.506E+02  2.404E+02  2.203E+02  2.003E+02  1.798E+02  1.597E+02  1.397E+02  1.183E+02  9.693E+01  7.544E+01  5.301E+01  3.167E+01  7.627E+00 -1.858E+01 -4.616E+01 -7.654E+01 -1.108E+02 -1.503E+02 -2.159E+02 -2.504E+02 -2.505E+02 -2.505E+02 
T-:     7.335E+00  7.372E+00  7.402E+00  7.437E+00  7.461E+00  7.481E+00  7.500E+00  7.523E+00  7.553E+00  7.587E+00  7.613E+00  7.635E+00  7.661E+00  7.693E+00  7.724E+00  7.748E+00  7.773E+00  7.806E+00  7.878E+00  8.021E+00  8.085E+00 
T+:     7.433E+00  7.395E+00  7.357E+00  7.337E+00  7.319E+00  7.314E+00  7.315E+00  7.328E+00  7.385E+00  7.486E+00  7.552E+00  7.592E+00  7.620E+00  7.668E+00  7.707E+00  7.729E+00  7.771E+00  7.911E+00  8.016E+00  8.023E+00  8.023E+00 
S-:     1.742E+01  1.743E+01  1.743E+01  1.744E+01  1.744E+01  1.745E+01  1.746E+01  1.747E+01  1.748E+01  1.749E+01  1.750E+01  1.750E+01  1.751E+01  1.752E+01  1.753E+01  1.754E+01  1.756E+01  1.757E+01  1.759E+01  1.761E+01  1.762E+01 
S+:     1.720E+01  1.721E+01  1.723E+01  1.724E+01  1.725E+01  1.725E+01  1.726E+01  1.728E+01  1.732E+01  1.736E+01  1.739E+01  1.740E+01  1.741E+01  1.742E+01  1.744E+01  1.745E+01  1.747E+01  1.753E+01  1.757E+01  1.758E+01  1.758E+01 
vh--:  -2.137E+01 -3.959E+01 -4.002E+01 -3.915E+01 -4.006E+01 -4.054E+01 -3.942E+01 -4.125E+01 -4.141E+01 -4.381E+01 -4.390E+01 -4.538E+01 -4.982E+01 -5.561E+01 -6.111E+01 -6.904E+01 -7.973E+01 -9.221E+01 -1.390E+02 -1.354E+02 -1.137E+02 
 vhC--:-2.335E+01 -4.377E+01 -4.415E+01 -4.332E+01 -4.452E+01 -4.517E+01 -4.364E+01 -4.577E+01 -4.594E+01 -4.852E+01 -4.881E+01 -5.121E+01 -5.437E+01 -5.955E+01 -6.533E+01 -7.395E+01 -8.510E+01 -1.007E+02 -1.539E+02 -1.233E+02 -7.420E+01 
vh-+:  -1.157E+01 -2.297E+01 -2.261E+01 -2.283E+01 -2.293E+01 -2.301E+01 -2.339E+01 -2.370E+01 -2.413E+01 -2.493E+01 -2.604E+01 -2.705E+01 -2.831E+01 -3.114E+01 -3.430E+01 -3.850E+01 -4.428E+01 -5.169E+01 -7.867E+01 -6.986E+01 -2.065E+01 
 vhC-+:-1.223E+01 -2.416E+01 -2.391E+01 -2.403E+01 -2.432E+01 -2.443E+01 -2.456E+01 -2.507E+01 -2.546E+01 -2.642E+01 -2.742E+01 -2.843E+01 -3.005E+01 -3.306E+01 -3.641E+01 -4.085E+01 -4.699E+01 -5.563E+01 -8.915E+01 -5.485E+01 -4.023E+01 
vh+-:  -1.925E+01 -3.786E+01 -3.757E+01 -3.873E+01 -3.985E+01 -4.046E+01 -4.116E+01 -4.227E+01 -4.237E+01 -4.345E+01 -4.534E+01 -5.425E+01 -4.083E+01 -3.073E+01 -3.409E+01 -3.802E+01 -4.375E+01 -6.467E+01 -4.585E+01 -4.238E-01 -2.321E-01 
 vhC+-:-1.803E+01 -3.559E+01 -3.551E+01 -3.657E+01 -3.595E+01 -3.643E+01 -3.785E+01 -3.860E+01 -3.864E+01 -3.941E+01 -4.070E+01 -5.052E+01 -3.627E+01 -2.490E+01 -2.767E+01 -3.077E+01 -3.537E+01 -5.866E+01 -3.049E+01 -1.488E-03 -4.730E-04 
vh++:  -1.548E+01 -3.033E+01 -3.010E+01 -3.082E+01 -3.161E+01 -3.177E+01 -3.243E+01 -3.303E+01 -3.342E+01 -3.471E+01 -3.526E+01 -3.736E+01 -4.009E+01 -4.383E+01 -4.821E+01 -5.421E+01 -6.218E+01 -7.996E+01 -1.092E+02 -8.458E+01 -1.689E+01 
 vhC++:-1.626E+01 -3.153E+01 -3.163E+01 -3.221E+01 -3.180E+01 -3.194E+01 -3.318E+01 -3.366E+01 -3.393E+01 -3.529E+01 -3.489E+01 -3.797E+01 -4.084E+01 -4.384E+01 -4.828E+01 -5.443E+01 -6.283E+01 -8.917E+01 -7.208E+01 -8.718E+01 -9.540E+00 
D:      3.322E+02 2.506E+02




--------------------------

Time     1   0  1.50 U-velocity violation at    0:   9 17 (  11.00 E   65.43 N) Layers   1 to  19. dt =  3600.    

Layers:         1          2          3          4          5          6          7          8          9         10         11         12         13         14         15         16         17         18         19 
u(m):   8.197E+00  8.233E+00  8.258E+00  8.229E+00  8.244E+00  8.246E+00  8.255E+00  8.243E+00  8.245E+00  8.247E+00  8.244E+00  8.243E+00  8.244E+00  8.260E+00  8.261E+00  8.267E+00  8.268E+00  8.287E+00  8.092E+00 
u(3):   6.126E+00  6.144E+00  6.149E+00  6.150E+00  6.143E+00  6.143E+00  6.146E+00  6.147E+00  6.148E+00  6.150E+00  6.151E+00  6.150E+00  6.152E+00  6.155E+00  6.157E+00  6.161E+00  6.162E+00  6.155E+00  6.052E+00 
CFL u:  6.361E-01  6.389E-01  6.408E-01  6.385E-01  6.398E-01  6.399E-01  6.405E-01  6.396E-01  6.398E-01  6.400E-01  6.398E-01  6.397E-01  6.398E-01  6.410E-01  6.411E-01  6.415E-01  6.416E-01  6.431E-01  6.279E-01 
CFL0 u: 6.382E-01  6.410E-01  6.429E-01  6.406E-01  6.419E-01  6.420E-01  6.427E-01  6.417E-01  6.419E-01  6.421E-01  6.419E-01  6.418E-01  6.419E-01  6.431E-01  6.432E-01  6.436E-01  6.437E-01  6.452E-01  6.300E-01 
CAu:   -2.514E-01 -2.443E-01 -2.318E-01 -2.530E-01 -3.405E-01 -3.397E-01 -3.332E-01 -3.451E-01 -3.451E-01 -3.451E-01 -3.500E-01 -3.421E-01 -3.448E-01 -3.556E-01 -3.555E-01 -3.555E-01 -3.551E-01 -3.245E-01 -3.076E-01 
PFu:    1.600E+02  1.600E+02  1.600E+02  1.600E+02  1.600E+02  1.600E+02  1.600E+02  1.600E+02  1.600E+02  1.600E+02  1.600E+02  1.600E+02  1.600E+02  1.600E+02  1.600E+02  1.600E+02  1.600E+02  1.600E+02  1.600E+02 
diffu: -4.728E-01 -4.733E-01 -4.677E-01 -4.765E-01 -3.610E-01 -3.604E-01 -3.612E-01 -3.629E-01 -3.624E-01 -3.622E-01 -3.599E-01 -3.624E-01 -3.611E-01 -3.375E-01 -3.392E-01 -3.367E-01 -3.370E-01 -3.311E-01 -3.130E-01 
a:      0.000E+00  6.583E-06  4.741E-06  4.867E-06  7.165E-06  1.026E-05  9.662E-06  9.357E-06  9.323E-06  9.106E-06  9.138E-06  8.811E-06  1.887E-03  7.781E-06  1.650E-04  1.650E-04  1.650E-04  1.650E-04  1.650E-04 
hvel:   1.026E+01  2.012E+01  2.206E+01  1.903E+01  1.004E+01  1.003E+01  1.067E+01  1.070E+01  1.075E+01  1.122E+01  1.067E+01  1.203E+01  1.311E+01  1.380E+01  1.520E+01  1.715E+01  1.977E+01  3.282E+01  1.727E+01 
Stress:  -2.575E-01
dubt:  -1.510E+02 -1.511E+02 -1.511E+02 -1.511E+02 -1.511E+02 -1.511E+02 -1.511E+02 -1.511E+02 -1.511E+02 -1.511E+02 -1.511E+02 -1.511E+02 -1.511E+02 -1.511E+02 -1.511E+02 -1.511E+02 -1.511E+02 -1.511E+02 -1.511E+02 


h--:    9.746E+00  1.958E+01  1.950E+01  2.026E+01  1.998E+01  2.054E+01  2.085E+01  2.163E+01  2.159E+01  2.153E+01  2.409E+01  3.234E+01  1.429E+01  2.222E-01  5.181E-01  6.460E-02  8.915E-03  1.144E-02  2.473E-02 
h+-:    1.000E-03  1.000E-03  1.000E-03  1.000E-03  1.000E-03  1.000E-03  1.000E-03  1.000E-03  1.000E-03  1.000E-03  1.000E-03  1.000E-03  1.000E-03  1.000E-03  1.000E-03  1.000E-03  1.000E-03  1.000E-03  1.000E-03 
h-0:    1.024E+01  2.005E+01  2.006E+01  2.048E+01  2.008E+01  2.006E+01  2.134E+01  2.140E+01  2.149E+01  2.243E+01  2.134E+01  2.405E+01  2.620E+01  2.758E+01  3.038E+01  3.428E+01  3.948E+01  6.558E+01  3.452E+01 
h+0:    1.028E+01  2.019E+01  2.406E+01  1.757E+01  1.960E-03  1.194E-03  3.033E-03  4.190E-03  4.450E-03  4.385E-03  6.465E-03  9.468E-03  1.336E-02  1.659E-02  2.166E-02  2.488E-02  6.559E-02  5.121E-02  1.818E-02 
h-+:    1.033E+01  2.011E+01  2.020E+01  2.047E+01  2.033E+01  2.047E+01  2.074E+01  2.124E+01  2.145E+01  2.220E+01  2.275E+01  2.389E+01  2.532E+01  2.767E+01  3.041E+01  3.417E+01  3.944E+01  4.629E+01  5.606E+01 
h++:    1.038E+01  2.019E+01  1.999E+01  2.038E+01  2.025E+01  2.017E+01  2.108E+01  2.131E+01  2.145E+01  2.218E+01  2.256E+01  2.395E+01  2.540E+01  2.760E+01  3.040E+01  3.428E+01  4.314E+01  6.532E+01  2.303E-02 
e-:     2.506E+02  2.404E+02  2.203E+02  2.003E+02  1.798E+02  1.597E+02  1.397E+02  1.183E+02  9.693E+01  7.544E+01  5.301E+01  3.167E+01  7.627E+00 -1.858E+01 -4.616E+01 -7.654E+01 -1.108E+02 -1.503E+02 -2.159E+02 -2.504E+02 
e+:     3.630E+01  2.602E+01  5.831E+00 -1.823E+01 -3.581E+01 -3.581E+01 -3.581E+01 -3.581E+01 -3.582E+01 -3.582E+01 -3.583E+01 -3.583E+01 -3.584E+01 -3.586E+01 -3.587E+01 -3.589E+01 -3.592E+01 -3.598E+01 -3.604E+01 -3.605E+01 
T-:     7.433E+00  7.395E+00  7.357E+00  7.337E+00  7.319E+00  7.314E+00  7.315E+00  7.328E+00  7.385E+00  7.486E+00  7.552E+00  7.592E+00  7.620E+00  7.668E+00  7.707E+00  7.729E+00  7.771E+00  7.911E+00  8.016E+00 
T+:     7.326E+00  7.250E+00  7.159E+00  7.122E+00  7.461E+00  7.461E+00  7.461E+00  7.461E+00  7.461E+00  7.462E+00  7.462E+00  7.462E+00  7.462E+00  7.462E+00  7.462E+00  7.462E+00  7.462E+00  7.462E+00  7.462E+00 
S-:     1.720E+01  1.721E+01  1.723E+01  1.724E+01  1.725E+01  1.725E+01  1.726E+01  1.728E+01  1.732E+01  1.736E+01  1.739E+01  1.740E+01  1.741E+01  1.742E+01  1.744E+01  1.745E+01  1.747E+01  1.753E+01  1.757E+01 
S+:     1.699E+01  1.701E+01  1.704E+01  1.705E+01  1.723E+01  1.723E+01  1.723E+01  1.723E+01  1.723E+01  1.723E+01  1.723E+01  1.723E+01  1.723E+01  1.723E+01  1.723E+01  1.723E+01  1.723E+01  1.723E+01  1.723E+01 
vh--:  -1.925E+01 -3.786E+01 -3.757E+01 -3.873E+01 -3.985E+01 -4.046E+01 -4.116E+01 -4.227E+01 -4.237E+01 -4.345E+01 -4.534E+01 -5.425E+01 -4.083E+01 -3.073E+01 -3.409E+01 -3.802E+01 -4.375E+01 -6.467E+01 -4.585E+01 
 vhC--:-1.803E+01 -3.559E+01 -3.551E+01 -3.657E+01 -3.595E+01 -3.643E+01 -3.785E+01 -3.860E+01 -3.864E+01 -3.941E+01 -4.070E+01 -5.052E+01 -3.627E+01 -2.490E+01 -2.767E+01 -3.077E+01 -3.537E+01 -5.866E+01 -3.049E+01 
vh-+:  -1.548E+01 -3.033E+01 -3.010E+01 -3.082E+01 -3.161E+01 -3.177E+01 -3.243E+01 -3.303E+01 -3.342E+01 -3.471E+01 -3.526E+01 -3.736E+01 -4.009E+01 -4.383E+01 -4.821E+01 -5.421E+01 -6.218E+01 -7.996E+01 -1.092E+02 
 vhC-+:-1.626E+01 -3.153E+01 -3.163E+01 -3.221E+01 -3.180E+01 -3.194E+01 -3.318E+01 -3.366E+01 -3.393E+01 -3.529E+01 -3.489E+01 -3.797E+01 -4.084E+01 -4.384E+01 -4.828E+01 -5.443E+01 -6.283E+01 -8.917E+01 -7.208E+01 
vh+-:   0.000E+00  0.000E+00  0.000E+00  0.000E+00  0.000E+00  0.000E+00  0.000E+00  0.000E+00  0.000E+00  0.000E+00  0.000E+00  0.000E+00  0.000E+00  0.000E+00  0.000E+00  0.000E+00  0.000E+00  0.000E+00  0.000E+00 
 vhC+-: 0.000E+00  0.000E+00  0.000E+00  0.000E+00  0.000E+00  0.000E+00  0.000E+00  0.000E+00  0.000E+00  0.000E+00  0.000E+00  0.000E+00  0.000E+00  0.000E+00  0.000E+00  0.000E+00  0.000E+00  0.000E+00  0.000E+00 
vh++:  -3.173E+01 -6.178E+01 -6.624E+01 -5.952E+01 -3.877E+01 -3.858E+01 -4.000E+01 -4.315E+01 -4.345E+01 -4.507E+01 -4.499E+01 -4.855E+01 -5.190E+01 -5.604E+01 -6.172E+01 -6.962E+01 -8.373E+01 -1.210E+02 -8.062E-01 
 vhC++:-2.733E+01 -5.321E+01 -5.811E+01 -5.008E+01 -2.672E+01 -2.661E+01 -2.782E+01 -2.813E+01 -2.831E+01 -2.929E+01 -2.978E+01 -3.163E+01 -3.357E+01 -3.649E+01 -4.023E+01 -4.538E+01 -5.715E+01 -8.574E+01 -1.177E-03 
D:      2.506E+02 3.612E+01




--------------------------

Time     1   0  1.50 U-velocity violation at    0:   6 18 (   8.03 E   66.36 N) Layers   1 to  22. dt =  3600.    

Layers:         1          2          3          4          5          6          7          8          9         10         11         12         13         14         15         16         17         18         19         20         21         22 
u(m):   8.896E+00  8.950E+00  8.950E+00  8.951E+00  8.951E+00  8.953E+00  8.953E+00  8.952E+00  8.955E+00  8.955E+00  8.955E+00  8.957E+00  8.956E+00  8.958E+00  8.959E+00  8.958E+00  8.954E+00  8.956E+00  8.963E+00  8.958E+00  9.002E+00  9.114E+00 
u(3):   3.693E+00  3.723E+00  3.723E+00  3.724E+00  3.725E+00  3.726E+00  3.727E+00  3.728E+00  3.728E+00  3.729E+00  3.730E+00  3.730E+00  3.731E+00  3.732E+00  3.733E+00  3.733E+00  3.733E+00  3.734E+00  3.735E+00  3.736E+00  3.734E+00  3.711E+00 
CFL u:  7.153E-01  7.196E-01  7.196E-01  7.197E-01  7.197E-01  7.198E-01  7.199E-01  7.198E-01  7.200E-01  7.200E-01  7.201E-01  7.201E-01  7.201E-01  7.203E-01  7.203E-01  7.203E-01  7.199E-01  7.201E-01  7.207E-01  7.202E-01  7.238E-01  7.328E-01 
CFL0 u: 7.171E-01  7.215E-01  7.215E-01  7.216E-01  7.216E-01  7.217E-01  7.218E-01  7.217E-01  7.219E-01  7.219E-01  7.219E-01  7.220E-01  7.220E-01  7.222E-01  7.222E-01  7.222E-01  7.218E-01  7.220E-01  7.226E-01  7.221E-01  7.257E-01  7.347E-01 
CAu:   -8.524E-01 -8.467E-01 -8.487E-01 -8.485E-01 -8.490E-01 -8.490E-01 -8.493E-01 -8.508E-01 -8.495E-01 -8.505E-01 -8.506E-01 -8.503E-01 -8.520E-01 -8.505E-01 -8.510E-01 -8.513E-01 -8.518E-01 -8.502E-01 -8.435E-01 -8.550E-01 -8.416E-01 -4.345E-01 
PFu:    5.967E+01  5.967E+01  5.967E+01  5.967E+01  5.967E+01  5.967E+01  5.967E+01  5.967E+01  5.968E+01  5.968E+01  5.968E+01  5.968E+01  5.968E+01  5.968E+01  5.968E+01  5.968E+01  5.968E+01  5.968E+01  5.968E+01  5.969E+01  5.969E+01  5.969E+01 
diffu: -2.421E-02 -2.345E-02 -2.348E-02 -2.355E-02 -2.356E-02 -2.349E-02 -2.350E-02 -2.358E-02 -2.346E-02 -2.351E-02 -2.347E-02 -2.346E-02 -2.352E-02 -2.344E-02 -2.359E-02 -2.358E-02 -2.344E-02 -2.341E-02 -2.360E-02 -1.838E-02  1.766E-02 -1.814E-01 
a:      0.000E+00  6.534E-06  2.663E-03  4.921E-06  4.921E-06  4.914E-06  4.846E-06  4.762E-06  4.723E-06  4.595E-06  4.418E-06  4.295E-06  4.064E-06  3.769E-06  3.451E-06  3.094E-06  2.721E-06  2.328E-06  1.956E-06  1.409E-06  1.310E-06  1.583E-06 
hvel:   1.044E+01  2.017E+01  2.026E+01  2.038E+01  2.026E+01  2.044E+01  2.084E+01  2.117E+01  2.118E+01  2.234E+01  2.292E+01  2.364E+01  2.557E+01  2.749E+01  3.046E+01  3.417E+01  3.933E+01  4.658E+01  5.567E+01  8.629E+01  6.643E+01  5.996E+01 
Stress:  -4.942E-01
dubt:  -4.985E+01 -4.985E+01 -4.985E+01 -4.985E+01 -4.985E+01 -4.985E+01 -4.985E+01 -4.985E+01 -4.985E+01 -4.985E+01 -4.985E+01 -4.985E+01 -4.985E+01 -4.985E+01 -4.985E+01 -4.985E+01 -4.985E+01 -4.985E+01 -4.985E+01 -4.985E+01 -4.985E+01 -4.985E+01 


h--:    1.048E+01  2.022E+01  2.009E+01  2.040E+01  2.030E+01  2.040E+01  2.082E+01  2.121E+01  2.145E+01  2.217E+01  2.273E+01  2.391E+01  2.536E+01  2.756E+01  3.040E+01  3.421E+01  3.939E+01  4.655E+01  5.579E+01  7.306E+01  1.265E+02  2.845E-02 
h+-:    1.050E+01  2.030E+01  2.012E+01  2.037E+01  2.028E+01  2.034E+01  2.077E+01  2.118E+01  2.130E+01  2.230E+01  2.280E+01  2.390E+01  2.533E+01  2.761E+01  3.044E+01  3.424E+01  3.940E+01  4.641E+01  5.603E+01  7.259E+01  1.274E+02  9.424E-03 
h-0:    1.068E+01  1.997E+01  2.017E+01  2.041E+01  2.031E+01  2.036E+01  2.083E+01  2.130E+01  2.101E+01  2.243E+01  2.295E+01  2.343E+01  2.583E+01  2.740E+01  3.047E+01  3.418E+01  3.939E+01  4.654E+01  5.564E+01  6.859E+01  1.015E+02  1.199E+02 
h+0:    1.020E+01  2.038E+01  2.035E+01  2.035E+01  2.021E+01  2.051E+01  2.085E+01  2.103E+01  2.135E+01  2.226E+01  2.290E+01  2.386E+01  2.532E+01  2.759E+01  3.045E+01  3.417E+01  3.926E+01  4.662E+01  5.571E+01  1.040E+02  3.139E+01  1.219E-02 
h-+:    1.000E-03  1.000E-03  1.000E-03  1.000E-03  1.000E-03  1.000E-03  1.000E-03  1.000E-03  1.000E-03  1.000E-03  1.000E-03  1.000E-03  1.000E-03  1.000E-03  1.000E-03  1.000E-03  1.000E-03  1.000E-03  1.000E-03  1.000E-03  1.000E-03  1.000E-03 
h++:    1.000E-03  1.000E-03  1.000E-03  1.000E-03  1.000E-03  1.000E-03  1.000E-03  1.000E-03  1.000E-03  1.000E-03  1.000E-03  1.000E-03  1.000E-03  1.000E-03  1.000E-03  1.000E-03  1.000E-03  1.000E-03  1.000E-03  1.000E-03  1.000E-03  1.000E-03 
e-:     3.966E+02  3.860E+02  3.660E+02  3.458E+02  3.254E+02  3.051E+02  2.847E+02  2.639E+02  2.426E+02  2.216E+02  1.992E+02  1.762E+02  1.528E+02  1.270E+02  9.956E+01  6.909E+01  3.491E+01 -4.475E+00 -5.102E+01 -1.067E+02 -1.752E+02 -2.767E+02 -3.966E+02 
e+:     3.194E+02  3.092E+02  2.888E+02  2.684E+02  2.481E+02  2.279E+02  2.074E+02  1.865E+02  1.655E+02  1.441E+02  1.219E+02  9.899E+01  7.513E+01  4.981E+01  2.223E+01 -8.225E+00 -4.239E+01 -8.166E+01 -1.283E+02 -1.840E+02 -2.880E+02 -3.194E+02 -3.194E+02 
T-:     7.142E+00  7.155E+00  7.174E+00  7.201E+00  7.223E+00  7.242E+00  7.259E+00  7.274E+00  7.286E+00  7.290E+00  7.285E+00  7.271E+00  7.270E+00  7.279E+00  7.282E+00  7.266E+00  7.223E+00  7.153E+00  7.092E+00  7.035E+00  6.767E+00  6.113E+00 
T+:     7.116E+00  7.135E+00  7.159E+00  7.191E+00  7.217E+00  7.240E+00  7.260E+00  7.281E+00  7.307E+00  7.322E+00  7.326E+00  7.325E+00  7.334E+00  7.355E+00  7.362E+00  7.356E+00  7.337E+00  7.308E+00  7.266E+00  7.197E+00  7.168E+00  7.149E+00 
S-:     1.751E+01  1.752E+01  1.752E+01  1.753E+01  1.753E+01  1.754E+01  1.754E+01  1.755E+01  1.755E+01  1.756E+01  1.756E+01  1.756E+01  1.756E+01  1.757E+01  1.757E+01  1.758E+01  1.758E+01  1.759E+01  1.759E+01  1.759E+01  1.758E+01  1.757E+01 
S+:     1.747E+01  1.747E+01  1.748E+01  1.748E+01  1.749E+01  1.750E+01  1.751E+01  1.752E+01  1.752E+01  1.753E+01  1.753E+01  1.754E+01  1.754E+01  1.755E+01  1.755E+01  1.756E+01  1.757E+01  1.758E+01  1.758E+01  1.759E+01  1.759E+01  1.759E+01 
vh--:  -2.073E+01 -3.795E+01 -3.813E+01 -3.867E+01 -3.844E+01 -3.857E+01 -3.944E+01 -4.047E+01 -4.043E+01 -4.222E+01 -4.329E+01 -4.500E+01 -4.852E+01 -5.198E+01 -5.767E+01 -6.486E+01 -7.490E+01 -8.774E+01 -1.051E+02 -1.321E+02 -2.183E+02 -1.446E+02 
 vhC--:-2.331E+01 -4.396E+01 -4.401E+01 -4.461E+01 -4.440E+01 -4.457E+01 -4.555E+01 -4.651E+01 -4.646E+01 -4.881E+01 -5.000E+01 -5.183E+01 -5.606E+01 -6.021E+01 -6.670E+01 -7.497E+01 -8.638E+01 -1.021E+02 -1.223E+02 -1.556E+02 -2.506E+02 -1.305E+02 
vh-+:   0.000E+00  0.000E+00  0.000E+00  0.000E+00  0.000E+00  0.000E+00  0.000E+00  0.000E+00  0.000E+00  0.000E+00  0.000E+00  0.000E+00  0.000E+00  0.000E+00  0.000E+00  0.000E+00  0.000E+00  0.000E+00  0.000E+00  0.000E+00  0.000E+00  0.000E+00 
 vhC-+: 0.000E+00  0.000E+00  0.000E+00  0.000E+00  0.000E+00  0.000E+00  0.000E+00  0.000E+00  0.000E+00  0.000E+00  0.000E+00  0.000E+00  0.000E+00  0.000E+00  0.000E+00  0.000E+00  0.000E+00  0.000E+00  0.000E+00  0.000E+00  0.000E+00  0.000E+00 
vh+-:  -1.684E+01 -3.297E+01 -3.297E+01 -3.311E+01 -3.300E+01 -3.326E+01 -3.388E+01 -3.441E+01 -3.450E+01 -3.640E+01 -3.724E+01 -3.875E+01 -4.155E+01 -4.498E+01 -4.974E+01 -5.588E+01 -6.417E+01 -7.593E+01 -8.671E+01 -1.508E+02 -1.479E+02 -3.329E-01 
 vhC+-:-1.865E+01 -3.644E+01 -3.623E+01 -3.645E+01 -3.625E+01 -3.658E+01 -3.727E+01 -3.781E+01 -3.821E+01 -3.993E+01 -4.096E+01 -4.281E+01 -4.542E+01 -4.951E+01 -5.464E+01 -6.141E+01 -7.065E+01 -8.359E+01 -1.005E+02 -1.589E+02 -1.419E+02 -2.598E-04 
vh++:   0.000E+00  0.000E+00  0.000E+00  0.000E+00  0.000E+00  0.000E+00  0.000E+00  0.000E+00  0.000E+00  0.000E+00  0.000E+00  0.000E+00  0.000E+00  0.000E+00  0.000E+00  0.000E+00  0.000E+00  0.000E+00  0.000E+00  0.000E+00  0.000E+00  0.000E+00 
 vhC++: 0.000E+00  0.000E+00  0.000E+00  0.000E+00  0.000E+00  0.000E+00  0.000E+00  0.000E+00  0.000E+00  0.000E+00  0.000E+00  0.000E+00  0.000E+00  0.000E+00  0.000E+00  0.000E+00  0.000E+00  0.000E+00  0.000E+00  0.000E+00  0.000E+00  0.000E+00 
D:      3.967E+02 3.194E+02




--------------------------

Time     1   0  1.50 U-velocity violation at    0:   7 18 (   9.03 E   66.36 N) Layers   1 to  21. dt =  3600.    

Layers:         1          2          3          4          5          6          7          8          9         10         11         12         13         14         15         16         17         18         19         20         21 
u(m):   1.039E+01  1.044E+01  1.044E+01  1.044E+01  1.044E+01  1.044E+01  1.044E+01  1.045E+01  1.045E+01  1.045E+01  1.045E+01  1.045E+01  1.045E+01  1.045E+01  1.045E+01  1.045E+01  1.045E+01  1.045E+01  1.047E+01  1.039E+01  1.050E+01 
u(3):   4.892E+00  4.919E+00  4.921E+00  4.922E+00  4.924E+00  4.925E+00  4.926E+00  4.928E+00  4.929E+00  4.930E+00  4.931E+00  4.932E+00  4.933E+00  4.934E+00  4.933E+00  4.934E+00  4.935E+00  4.936E+00  4.936E+00  4.930E+00  4.846E+00 
CFL u:  8.351E-01  8.388E-01  8.389E-01  8.390E-01  8.392E-01  8.393E-01  8.393E-01  8.395E-01  8.397E-01  8.397E-01  8.398E-01  8.399E-01  8.399E-01  8.401E-01  8.395E-01  8.395E-01  8.396E-01  8.396E-01  8.415E-01  8.350E-01  8.438E-01 
CFL0 u: 8.374E-01  8.411E-01  8.412E-01  8.413E-01  8.415E-01  8.417E-01  8.416E-01  8.418E-01  8.420E-01  8.420E-01  8.421E-01  8.422E-01  8.423E-01  8.424E-01  8.418E-01  8.419E-01  8.419E-01  8.420E-01  8.438E-01  8.374E-01  8.462E-01 
CAu:   -6.245E-01 -6.235E-01 -6.244E-01 -6.251E-01 -6.248E-01 -6.250E-01 -6.271E-01 -6.266E-01 -6.262E-01 -6.276E-01 -6.282E-01 -6.283E-01 -6.291E-01 -6.281E-01 -6.285E-01 -6.289E-01 -6.292E-01 -6.289E-01 -6.104E-01 -6.627E-01 -3.299E-02 
PFu:    3.772E+01  3.772E+01  3.772E+01  3.773E+01  3.773E+01  3.773E+01  3.773E+01  3.773E+01  3.773E+01  3.773E+01  3.773E+01  3.773E+01  3.773E+01  3.773E+01  3.773E+01  3.774E+01  3.774E+01  3.774E+01  3.774E+01  3.774E+01  3.774E+01 
diffu: -2.905E-02 -2.890E-02 -2.889E-02 -2.889E-02 -2.878E-02 -2.874E-02 -2.891E-02 -2.893E-02 -2.876E-02 -2.889E-02 -2.875E-02 -2.885E-02 -2.889E-02 -2.877E-02 -2.868E-02 -2.872E-02 -2.881E-02 -2.875E-02 -2.264E-02 -2.818E-02 -2.349E-01 
a:      0.000E+00  6.541E-06  1.135E-03  4.924E-06  4.910E-06  4.892E-06  4.844E-06  4.784E-06  4.713E-06  4.585E-06  4.431E-06  4.278E-06  4.071E-06  3.779E-06  3.443E-06  3.095E-06  2.723E-06  2.332E-06  1.655E-06  1.579E-06  1.441E-04 
hvel:   1.019E+01  2.038E+01  2.023E+01  2.039E+01  2.035E+01  2.054E+01  2.075E+01  2.105E+01  2.138E+01  2.224E+01  2.290E+01  2.385E+01  2.528E+01  2.765E+01  3.045E+01  3.417E+01  3.928E+01  4.648E+01  7.435E+01  5.228E+01  1.570E+01 
Stress:  -4.398E-01
dubt:  -2.663E+01 -2.663E+01 -2.663E+01 -2.663E+01 -2.663E+01 -2.663E+01 -2.663E+01 -2.663E+01 -2.663E+01 -2.663E+01 -2.663E+01 -2.663E+01 -2.663E+01 -2.663E+01 -2.663E+01 -2.663E+01 -2.663E+01 -2.663E+01 -2.663E+01 -2.663E+01 -2.663E+01 


h--:    1.050E+01  2.030E+01  2.012E+01  2.037E+01  2.028E+01  2.034E+01  2.077E+01  2.118E+01  2.130E+01  2.230E+01  2.280E+01  2.390E+01  2.533E+01  2.761E+01  3.044E+01  3.424E+01  3.940E+01  4.641E+01  5.603E+01  7.259E+01  1.274E+02 
h+-:    1.022E+01  2.039E+01  2.023E+01  2.010E+01  2.049E+01  2.058E+01  2.067E+01  2.110E+01  2.138E+01  2.217E+01  2.314E+01  2.388E+01  2.516E+01  2.771E+01  3.054E+01  3.419E+01  3.928E+01  4.659E+01  5.581E+01  9.142E+01  6.927E+01 
h-0:    1.020E+01  2.038E+01  2.035E+01  2.035E+01  2.021E+01  2.051E+01  2.085E+01  2.103E+01  2.135E+01  2.226E+01  2.290E+01  2.386E+01  2.532E+01  2.759E+01  3.045E+01  3.417E+01  3.926E+01  4.662E+01  5.571E+01  1.040E+02  3.139E+01 
h+0:    1.019E+01  2.039E+01  2.011E+01  2.042E+01  2.049E+01  2.056E+01  2.066E+01  2.108E+01  2.141E+01  2.221E+01  2.291E+01  2.384E+01  2.525E+01  2.770E+01  3.044E+01  3.418E+01  3.930E+01  4.635E+01  9.300E+01  5.753E-01  2.826E-03 
h-+:    1.000E-03  1.000E-03  1.000E-03  1.000E-03  1.000E-03  1.000E-03  1.000E-03  1.000E-03  1.000E-03  1.000E-03  1.000E-03  1.000E-03  1.000E-03  1.000E-03  1.000E-03  1.000E-03  1.000E-03  1.000E-03  1.000E-03  1.000E-03  1.000E-03 
h++:    1.000E-03  1.000E-03  1.000E-03  1.000E-03  1.000E-03  1.000E-03  1.000E-03  1.000E-03  1.000E-03  1.000E-03  1.000E-03  1.000E-03  1.000E-03  1.000E-03  1.000E-03  1.000E-03  1.000E-03  1.000E-03  1.000E-03  1.000E-03  1.000E-03 
e-:     3.194E+02  3.092E+02  2.888E+02  2.684E+02  2.481E+02  2.279E+02  2.074E+02  1.865E+02  1.655E+02  1.441E+02  1.219E+02  9.899E+01  7.513E+01  4.981E+01  2.223E+01 -8.225E+00 -4.239E+01 -8.166E+01 -1.283E+02 -1.840E+02 -2.880E+02 -3.194E+02 
e+:     2.705E+02  2.603E+02  2.400E+02  2.199E+02  1.994E+02  1.789E+02  1.584E+02  1.377E+02  1.166E+02  9.523E+01  7.302E+01  5.011E+01  2.627E+01  1.021E+00 -2.668E+01 -5.713E+01 -9.131E+01 -1.306E+02 -1.769E+02 -2.700E+02 -2.705E+02 -2.705E+02 
T-:     7.116E+00  7.135E+00  7.159E+00  7.191E+00  7.217E+00  7.240E+00  7.260E+00  7.281E+00  7.307E+00  7.322E+00  7.326E+00  7.325E+00  7.334E+00  7.355E+00  7.362E+00  7.356E+00  7.337E+00  7.308E+00  7.266E+00  7.197E+00  7.168E+00 
T+:     7.048E+00  7.058E+00  7.087E+00  7.115E+00  7.144E+00  7.171E+00  7.196E+00  7.226E+00  7.267E+00  7.308E+00  7.332E+00  7.344E+00  7.369E+00  7.401E+00  7.412E+00  7.416E+00  7.417E+00  7.414E+00  7.409E+00  7.406E+00  7.406E+00 
S-:     1.747E+01  1.747E+01  1.748E+01  1.748E+01  1.749E+01  1.750E+01  1.751E+01  1.752E+01  1.752E+01  1.753E+01  1.753E+01  1.754E+01  1.754E+01  1.755E+01  1.755E+01  1.756E+01  1.757E+01  1.758E+01  1.758E+01  1.759E+01  1.759E+01 
S+:     1.738E+01  1.739E+01  1.740E+01  1.741E+01  1.742E+01  1.743E+01  1.744E+01  1.745E+01  1.746E+01  1.748E+01  1.749E+01  1.750E+01  1.750E+01  1.751E+01  1.752E+01  1.753E+01  1.755E+01  1.756E+01  1.757E+01  1.758E+01  1.758E+01 
vh--:  -1.684E+01 -3.297E+01 -3.297E+01 -3.311E+01 -3.300E+01 -3.326E+01 -3.388E+01 -3.441E+01 -3.450E+01 -3.640E+01 -3.724E+01 -3.875E+01 -4.155E+01 -4.498E+01 -4.974E+01 -5.588E+01 -6.417E+01 -7.593E+01 -8.671E+01 -1.508E+02 -1.479E+02 
 vhC--:-1.865E+01 -3.644E+01 -3.623E+01 -3.645E+01 -3.625E+01 -3.658E+01 -3.727E+01 -3.781E+01 -3.821E+01 -3.993E+01 -4.096E+01 -4.281E+01 -4.542E+01 -4.951E+01 -5.464E+01 -6.141E+01 -7.065E+01 -8.359E+01 -1.005E+02 -1.589E+02 -1.419E+02 
vh-+:   0.000E+00  0.000E+00  0.000E+00  0.000E+00  0.000E+00  0.000E+00  0.000E+00  0.000E+00  0.000E+00  0.000E+00  0.000E+00  0.000E+00  0.000E+00  0.000E+00  0.000E+00  0.000E+00  0.000E+00  0.000E+00  0.000E+00  0.000E+00  0.000E+00 
 vhC-+: 0.000E+00  0.000E+00  0.000E+00  0.000E+00  0.000E+00  0.000E+00  0.000E+00  0.000E+00  0.000E+00  0.000E+00  0.000E+00  0.000E+00  0.000E+00  0.000E+00  0.000E+00  0.000E+00  0.000E+00  0.000E+00  0.000E+00  0.000E+00  0.000E+00 
vh+-:  -1.157E+01 -2.297E+01 -2.261E+01 -2.283E+01 -2.293E+01 -2.301E+01 -2.339E+01 -2.370E+01 -2.413E+01 -2.493E+01 -2.604E+01 -2.705E+01 -2.831E+01 -3.114E+01 -3.430E+01 -3.850E+01 -4.428E+01 -5.169E+01 -7.867E+01 -6.986E+01 -2.065E+01 
 vhC+-:-1.223E+01 -2.416E+01 -2.391E+01 -2.403E+01 -2.432E+01 -2.443E+01 -2.456E+01 -2.507E+01 -2.546E+01 -2.642E+01 -2.742E+01 -2.843E+01 -3.005E+01 -3.306E+01 -3.641E+01 -4.085E+01 -4.699E+01 -5.563E+01 -8.915E+01 -5.485E+01 -4.023E+01 
vh++:   0.000E+00  0.000E+00  0.000E+00  0.000E+00  0.000E+00  0.000E+00  0.000E+00  0.000E+00  0.000E+00  0.000E+00  0.000E+00  0.000E+00  0.000E+00  0.000E+00  0.000E+00  0.000E+00  0.000E+00  0.000E+00  0.000E+00  0.000E+00  0.000E+00 
 vhC++: 0.000E+00  0.000E+00  0.000E+00  0.000E+00  0.000E+00  0.000E+00  0.000E+00  0.000E+00  0.000E+00  0.000E+00  0.000E+00  0.000E+00  0.000E+00  0.000E+00  0.000E+00  0.000E+00  0.000E+00  0.000E+00  0.000E+00  0.000E+00  0.000E+00 
D:      3.194E+02 2.706E+02




--------------------------

Time     1   0  1.50 U-velocity violation at    0:   8 18 (  10.04 E   66.35 N) Layers   1 to  20. dt =  3600.    

Layers:         1          2          3          4          5          6          7          8          9         10         11         12         13         14         15         16         17         18         19         20 
u(m):   1.175E+01  1.179E+01  1.179E+01  1.180E+01  1.180E+01  1.180E+01  1.180E+01  1.180E+01  1.181E+01  1.181E+01  1.181E+01  1.181E+01  1.181E+01  1.181E+01  1.181E+01  1.181E+01  1.181E+01  1.182E+01  1.186E+01  1.186E+01 
u(3):   5.325E+00  5.349E+00  5.352E+00  5.355E+00  5.357E+00  5.359E+00  5.361E+00  5.363E+00  5.365E+00  5.367E+00  5.369E+00  5.371E+00  5.372E+00  5.373E+00  5.372E+00  5.374E+00  5.375E+00  5.377E+00  5.377E+00  5.331E+00 
CFL u:  9.436E-01  9.471E-01  9.475E-01  9.476E-01  9.476E-01  9.478E-01  9.480E-01  9.482E-01  9.484E-01  9.487E-01  9.486E-01  9.488E-01  9.491E-01  9.490E-01  9.485E-01  9.485E-01  9.487E-01  9.496E-01  9.526E-01  9.527E-01 
CFL0 u: 9.464E-01  9.499E-01  9.502E-01  9.504E-01  9.504E-01  9.506E-01  9.508E-01  9.510E-01  9.512E-01  9.514E-01  9.514E-01  9.516E-01  9.519E-01  9.518E-01  9.512E-01  9.513E-01  9.515E-01  9.524E-01  9.554E-01  9.555E-01 
CAu:   -4.195E-01 -4.166E-01 -4.156E-01 -4.175E-01 -4.202E-01 -4.205E-01 -4.208E-01 -4.208E-01 -4.218E-01 -4.213E-01 -4.245E-01 -4.236E-01 -4.223E-01 -4.236E-01 -4.242E-01 -4.245E-01 -4.243E-01 -4.154E-01 -4.577E-01 -4.447E-01 
PFu:   -3.295E+01 -3.295E+01 -3.295E+01 -3.294E+01 -3.294E+01 -3.294E+01 -3.294E+01 -3.294E+01 -3.294E+01 -3.294E+01 -3.294E+01 -3.294E+01 -3.294E+01 -3.294E+01 -3.293E+01 -3.293E+01 -3.293E+01 -3.293E+01 -3.293E+01 -3.293E+01 
diffu: -1.900E-02 -1.860E-02 -1.882E-02 -1.882E-02 -1.867E-02 -1.868E-02 -1.869E-02 -1.860E-02 -1.848E-02 -1.839E-02 -1.835E-02 -1.834E-02 -1.832E-02 -1.839E-02 -1.830E-02 -1.828E-02 -1.817E-02 -1.667E-02  6.612E-02  2.001E-01 
a:      0.000E+00  6.555E-06  4.950E-06  4.926E-06  4.896E-06  4.887E-06  4.852E-06  4.778E-06  4.696E-06  4.583E-06  4.441E-06  4.283E-06  4.070E-06  3.775E-06  3.441E-06  3.096E-06  2.719E-06  2.334E-06  1.655E-06  1.541E-06 
hvel:   1.026E+01  2.025E+01  2.015E+01  2.045E+01  2.041E+01  2.052E+01  2.070E+01  2.116E+01  2.143E+01  2.221E+01  2.283E+01  2.386E+01  2.528E+01  2.769E+01  3.043E+01  3.418E+01  3.937E+01  4.632E+01  7.453E+01  5.523E+01 
Stress:  -3.782E-01
dubt:   4.518E+01  4.518E+01  4.518E+01  4.518E+01  4.518E+01  4.518E+01  4.518E+01  4.518E+01  4.518E+01  4.518E+01  4.519E+01  4.519E+01  4.519E+01  4.519E+01  4.519E+01  4.519E+01  4.519E+01  4.519E+01  4.519E+01  4.519E+01 


h--:    1.022E+01  2.039E+01  2.023E+01  2.010E+01  2.049E+01  2.058E+01  2.067E+01  2.110E+01  2.138E+01  2.217E+01  2.314E+01  2.388E+01  2.516E+01  2.771E+01  3.054E+01  3.419E+01  3.928E+01  4.659E+01  5.581E+01  9.142E+01 
h+-:    1.024E+01  2.005E+01  2.006E+01  2.048E+01  2.008E+01  2.006E+01  2.134E+01  2.140E+01  2.149E+01  2.243E+01  2.134E+01  2.405E+01  2.620E+01  2.758E+01  3.038E+01  3.428E+01  3.948E+01  6.558E+01  3.452E+01  6.870E-02 
h-0:    1.019E+01  2.039E+01  2.011E+01  2.042E+01  2.049E+01  2.056E+01  2.066E+01  2.108E+01  2.141E+01  2.221E+01  2.291E+01  2.384E+01  2.525E+01  2.770E+01  3.044E+01  3.418E+01  3.930E+01  4.635E+01  9.300E+01  5.753E-01 
h+0:    1.033E+01  2.011E+01  2.020E+01  2.047E+01  2.033E+01  2.047E+01  2.074E+01  2.124E+01  2.145E+01  2.220E+01  2.275E+01  2.389E+01  2.532E+01  2.767E+01  3.041E+01  3.417E+01  3.944E+01  4.629E+01  5.606E+01  1.099E+02 
h-+:    1.000E-03  1.000E-03  1.000E-03  1.000E-03  1.000E-03  1.000E-03  1.000E-03  1.000E-03  1.000E-03  1.000E-03  1.000E-03  1.000E-03  1.000E-03  1.000E-03  1.000E-03  1.000E-03  1.000E-03  1.000E-03  1.000E-03  1.000E-03 
h++:    1.000E-03  1.000E-03  1.000E-03  1.000E-03  1.000E-03  1.000E-03  1.000E-03  1.000E-03  1.000E-03  1.000E-03  1.000E-03  1.000E-03  1.000E-03  1.000E-03  1.000E-03  1.000E-03  1.000E-03  1.000E-03  1.000E-03  1.000E-03 
e-:     2.705E+02  2.603E+02  2.400E+02  2.199E+02  1.994E+02  1.789E+02  1.584E+02  1.377E+02  1.166E+02  9.523E+01  7.302E+01  5.011E+01  2.627E+01  1.021E+00 -2.668E+01 -5.713E+01 -9.131E+01 -1.306E+02 -1.769E+02 -2.700E+02 -2.705E+02 
e+:     3.132E+02  3.029E+02  2.828E+02  2.626E+02  2.421E+02  2.218E+02  2.013E+02  1.806E+02  1.593E+02  1.379E+02  1.157E+02  9.292E+01  6.903E+01  4.371E+01  1.603E+01 -1.437E+01 -4.855E+01 -8.799E+01 -1.343E+02 -1.903E+02 -3.002E+02 
T-:     7.048E+00  7.058E+00  7.087E+00  7.115E+00  7.144E+00  7.171E+00  7.196E+00  7.226E+00  7.267E+00  7.308E+00  7.332E+00  7.344E+00  7.369E+00  7.401E+00  7.412E+00  7.416E+00  7.417E+00  7.414E+00  7.409E+00  7.406E+00 
T+:     6.944E+00  6.939E+00  6.946E+00  6.963E+00  6.993E+00  7.025E+00  7.055E+00  7.100E+00  7.172E+00  7.252E+00  7.307E+00  7.338E+00  7.377E+00  7.422E+00  7.453E+00  7.467E+00  7.478E+00  7.510E+00  7.535E+00  7.430E+00 
S-:     1.738E+01  1.739E+01  1.740E+01  1.741E+01  1.742E+01  1.743E+01  1.744E+01  1.745E+01  1.746E+01  1.748E+01  1.749E+01  1.750E+01  1.750E+01  1.751E+01  1.752E+01  1.753E+01  1.755E+01  1.756E+01  1.757E+01  1.758E+01 
S+:     1.723E+01  1.725E+01  1.726E+01  1.727E+01  1.729E+01  1.730E+01  1.732E+01  1.733E+01  1.736E+01  1.739E+01  1.741E+01  1.743E+01  1.744E+01  1.745E+01  1.747E+01  1.748E+01  1.750E+01  1.753E+01  1.756E+01  1.757E+01 
vh--:  -1.157E+01 -2.297E+01 -2.261E+01 -2.283E+01 -2.293E+01 -2.301E+01 -2.339E+01 -2.370E+01 -2.413E+01 -2.493E+01 -2.604E+01 -2.705E+01 -2.831E+01 -3.114E+01 -3.430E+01 -3.850E+01 -4.428E+01 -5.169E+01 -7.867E+01 -6.986E+01 
 vhC--:-1.223E+01 -2.416E+01 -2.391E+01 -2.403E+01 -2.432E+01 -2.443E+01 -2.456E+01 -2.507E+01 -2.546E+01 -2.642E+01 -2.742E+01 -2.843E+01 -3.005E+01 -3.306E+01 -3.641E+01 -4.085E+01 -4.699E+01 -5.563E+01 -8.915E+01 -5.485E+01 
vh-+:   0.000E+00  0.000E+00  0.000E+00  0.000E+00  0.000E+00  0.000E+00  0.000E+00  0.000E+00  0.000E+00  0.000E+00  0.000E+00  0.000E+00  0.000E+00  0.000E+00  0.000E+00  0.000E+00  0.000E+00  0.000E+00  0.000E+00  0.000E+00 
 vhC-+: 0.000E+00  0.000E+00  0.000E+00  0.000E+00  0.000E+00  0.000E+00  0.000E+00  0.000E+00  0.000E+00  0.000E+00  0.000E+00  0.000E+00  0.000E+00  0.000E+00  0.000E+00  0.000E+00  0.000E+00  0.000E+00  0.000E+00  0.000E+00 
vh+-:  -1.548E+01 -3.033E+01 -3.010E+01 -3.082E+01 -3.161E+01 -3.177E+01 -3.243E+01 -3.303E+01 -3.342E+01 -3.471E+01 -3.526E+01 -3.736E+01 -4.009E+01 -4.383E+01 -4.821E+01 -5.421E+01 -6.218E+01 -7.996E+01 -1.092E+02 -8.458E+01 
 vhC+-:-1.626E+01 -3.153E+01 -3.163E+01 -3.221E+01 -3.180E+01 -3.194E+01 -3.318E+01 -3.366E+01 -3.393E+01 -3.529E+01 -3.489E+01 -3.797E+01 -4.084E+01 -4.384E+01 -4.828E+01 -5.443E+01 -6.283E+01 -8.917E+01 -7.208E+01 -8.718E+01 
vh++:   0.000E+00  0.000E+00  0.000E+00  0.000E+00  0.000E+00  0.000E+00  0.000E+00  0.000E+00  0.000E+00  0.000E+00  0.000E+00  0.000E+00  0.000E+00  0.000E+00  0.000E+00  0.000E+00  0.000E+00  0.000E+00  0.000E+00  0.000E+00 
 vhC++: 0.000E+00  0.000E+00  0.000E+00  0.000E+00  0.000E+00  0.000E+00  0.000E+00  0.000E+00  0.000E+00  0.000E+00  0.000E+00  0.000E+00  0.000E+00  0.000E+00  0.000E+00  0.000E+00  0.000E+00  0.000E+00  0.000E+00  0.000E+00 
D:      2.706E+02 3.132E+02




--------------------------

Time     1   0  1.50 U-velocity violation at    0:   9 18 (  11.04 E   66.34 N) Layers   1 to  21. dt =  3600.    

Layers:         1          2          3          4          5          6          7          8          9         10         11         12         13         14         15         16         17         18         19         20         21 
u(m):   9.218E+00  9.255E+00  9.258E+00  9.260E+00  9.244E+00  9.246E+00  9.253E+00  9.247E+00  9.249E+00  9.252E+00  9.250E+00  9.256E+00  9.260E+00  9.254E+00  9.254E+00  9.256E+00  9.261E+00  9.299E+00  9.745E+00  9.908E+00  8.276E+00 
u(3):   5.330E+00  5.350E+00  5.352E+00  5.354E+00  5.356E+00  5.357E+00  5.359E+00  5.361E+00  5.362E+00  5.364E+00  5.365E+00  5.367E+00  5.368E+00  5.368E+00  5.369E+00  5.370E+00  5.371E+00  5.372E+00  5.368E+00  5.355E+00  5.125E+00 
CFL u:  7.401E-01  7.431E-01  7.433E-01  7.435E-01  7.422E-01  7.424E-01  7.429E-01  7.424E-01  7.426E-01  7.429E-01  7.427E-01  7.432E-01  7.435E-01  7.430E-01  7.430E-01  7.432E-01  7.436E-01  7.467E-01  7.824E-01  7.956E-01  6.645E-01 
CFL0 u: 7.424E-01  7.454E-01  7.456E-01  7.458E-01  7.445E-01  7.447E-01  7.452E-01  7.447E-01  7.449E-01  7.452E-01  7.450E-01  7.455E-01  7.458E-01  7.453E-01  7.453E-01  7.455E-01  7.459E-01  7.490E-01  7.849E-01  7.980E-01  6.666E-01 
CAu:   -7.478E-01 -7.429E-01 -7.424E-01 -7.428E-01 -7.455E-01 -7.446E-01 -7.416E-01 -7.506E-01 -7.498E-01 -7.486E-01 -7.511E-01 -7.493E-01 -7.475E-01 -7.493E-01 -7.496E-01 -7.493E-01 -7.482E-01 -7.175E-01  4.260E-02  3.250E-01 -3.055E-01 
PFu:    6.027E+01  6.027E+01  6.027E+01  6.027E+01  6.027E+01  6.028E+01  6.028E+01  6.028E+01  6.028E+01  6.028E+01  6.029E+01  6.029E+01  6.029E+01  6.029E+01  6.029E+01  6.029E+01  6.030E+01  6.030E+01  6.030E+01  6.030E+01  6.030E+01 
diffu:  1.644E-01  1.641E-01  1.636E-01  1.639E-01  1.477E-01  1.470E-01  1.485E-01  1.489E-01  1.484E-01  1.481E-01  1.465E-01  1.480E-01  1.482E-01  1.478E-01  1.478E-01  1.478E-01  1.499E-01  1.587E-01 -1.410E-01 -2.116E-01 -6.825E-01 
a:      0.000E+00  6.556E-06  4.970E-06  4.936E-06  4.912E-06  4.925E-06  4.850E-06  4.741E-06  4.681E-06  4.583E-06  4.459E-06  4.294E-06  4.058E-06  3.774E-06  3.446E-06  3.094E-06  2.648E-06  2.060E-06  2.385E-06  2.410E-06  9.752E-05 
hvel:   1.035E+01  2.015E+01  2.009E+01  2.042E+01  2.029E+01  2.032E+01  2.091E+01  2.128E+01  2.145E+01  2.219E+01  2.266E+01  2.392E+01  2.536E+01  2.764E+01  3.041E+01  3.423E+01  4.129E+01  5.581E+01  2.804E+01  5.497E+01  6.444E+00 
Stress:  -3.007E-01
dubt:  -5.043E+01 -5.043E+01 -5.043E+01 -5.043E+01 -5.043E+01 -5.043E+01 -5.043E+01 -5.043E+01 -5.043E+01 -5.043E+01 -5.043E+01 -5.043E+01 -5.043E+01 -5.043E+01 -5.043E+01 -5.044E+01 -5.044E+01 -5.044E+01 -5.044E+01 -5.044E+01 -5.044E+01 


h--:    1.024E+01  2.005E+01  2.006E+01  2.048E+01  2.008E+01  2.006E+01  2.134E+01  2.140E+01  2.149E+01  2.243E+01  2.134E+01  2.405E+01  2.620E+01  2.758E+01  3.038E+01  3.428E+01  3.948E+01  6.558E+01  3.452E+01  6.870E-02  3.040E-02 
h+-:    1.028E+01  2.019E+01  2.406E+01  1.757E+01  1.960E-03  1.194E-03  3.033E-03  4.190E-03  4.450E-03  4.385E-03  6.465E-03  9.468E-03  1.336E-02  1.659E-02  2.166E-02  2.488E-02  6.559E-02  5.121E-02  1.818E-02  1.960E-03  1.960E-03 
h-0:    1.033E+01  2.011E+01  2.020E+01  2.047E+01  2.033E+01  2.047E+01  2.074E+01  2.124E+01  2.145E+01  2.220E+01  2.275E+01  2.389E+01  2.532E+01  2.767E+01  3.041E+01  3.417E+01  3.944E+01  4.629E+01  5.606E+01  1.099E+02  1.288E+01 
h+0:    1.038E+01  2.019E+01  1.999E+01  2.038E+01  2.025E+01  2.017E+01  2.108E+01  2.131E+01  2.145E+01  2.218E+01  2.256E+01  2.395E+01  2.540E+01  2.760E+01  3.040E+01  3.428E+01  4.314E+01  6.532E+01  2.303E-02  4.737E-02  5.653E-03 
h-+:    1.000E-03  1.000E-03  1.000E-03  1.000E-03  1.000E-03  1.000E-03  1.000E-03  1.000E-03  1.000E-03  1.000E-03  1.000E-03  1.000E-03  1.000E-03  1.000E-03  1.000E-03  1.000E-03  1.000E-03  1.000E-03  1.000E-03  1.000E-03  1.000E-03 
h++:    1.000E-03  1.000E-03  1.000E-03  1.000E-03  1.000E-03  1.000E-03  1.000E-03  1.000E-03  1.000E-03  1.000E-03  1.000E-03  1.000E-03  1.000E-03  1.000E-03  1.000E-03  1.000E-03  1.000E-03  1.000E-03  1.000E-03  1.000E-03  1.000E-03 
e-:     3.132E+02  3.029E+02  2.828E+02  2.626E+02  2.421E+02  2.218E+02  2.013E+02  1.806E+02  1.593E+02  1.379E+02  1.157E+02  9.292E+01  6.903E+01  4.371E+01  1.603E+01 -1.437E+01 -4.855E+01 -8.799E+01 -1.343E+02 -1.903E+02 -3.002E+02 -3.131E+02 
e+:     2.351E+02  2.247E+02  2.046E+02  1.846E+02  1.642E+02  1.439E+02  1.238E+02  1.027E+02  8.137E+01  5.992E+01  3.773E+01  1.517E+01 -8.778E+00 -3.418E+01 -6.178E+01 -9.218E+01 -1.265E+02 -1.696E+02 -2.349E+02 -2.349E+02 -2.350E+02 -2.350E+02 
T-:     6.944E+00  6.939E+00  6.946E+00  6.963E+00  6.993E+00  7.025E+00  7.055E+00  7.100E+00  7.172E+00  7.252E+00  7.307E+00  7.338E+00  7.377E+00  7.422E+00  7.453E+00  7.467E+00  7.478E+00  7.510E+00  7.535E+00  7.430E+00  7.381E+00 
T+:     6.608E+00  6.605E+00  6.627E+00  6.664E+00  6.723E+00  6.792E+00  6.862E+00  6.945E+00  7.053E+00  7.167E+00  7.257E+00  7.324E+00  7.387E+00  7.452E+00  7.507E+00  7.542E+00  7.554E+00  7.553E+00  7.531E+00  7.531E+00  7.531E+00 
S-:     1.723E+01  1.725E+01  1.726E+01  1.727E+01  1.729E+01  1.730E+01  1.732E+01  1.733E+01  1.736E+01  1.739E+01  1.741E+01  1.743E+01  1.744E+01  1.745E+01  1.747E+01  1.748E+01  1.750E+01  1.753E+01  1.756E+01  1.757E+01  1.757E+01 
S+:     1.708E+01  1.710E+01  1.713E+01  1.715E+01  1.717E+01  1.719E+01  1.721E+01  1.724E+01  1.727E+01  1.731E+01  1.734E+01  1.736E+01  1.738E+01  1.740E+01  1.742E+01  1.744E+01  1.747E+01  1.750E+01  1.751E+01  1.751E+01  1.751E+01 
vh--:  -1.548E+01 -3.033E+01 -3.010E+01 -3.082E+01 -3.161E+01 -3.177E+01 -3.243E+01 -3.303E+01 -3.342E+01 -3.471E+01 -3.526E+01 -3.736E+01 -4.009E+01 -4.383E+01 -4.821E+01 -5.421E+01 -6.218E+01 -7.996E+01 -1.092E+02 -8.458E+01 -1.689E+01 
 vhC--:-1.626E+01 -3.153E+01 -3.163E+01 -3.221E+01 -3.180E+01 -3.194E+01 -3.318E+01 -3.366E+01 -3.393E+01 -3.529E+01 -3.489E+01 -3.797E+01 -4.084E+01 -4.384E+01 -4.828E+01 -5.443E+01 -6.283E+01 -8.917E+01 -7.208E+01 -8.718E+01 -9.540E+00 
vh-+:   0.000E+00  0.000E+00  0.000E+00  0.000E+00  0.000E+00  0.000E+00  0.000E+00  0.000E+00  0.000E+00  0.000E+00  0.000E+00  0.000E+00  0.000E+00  0.000E+00  0.000E+00  0.000E+00  0.000E+00  0.000E+00  0.000E+00  0.000E+00  0.000E+00 
 vhC-+: 0.000E+00  0.000E+00  0.000E+00  0.000E+00  0.000E+00  0.000E+00  0.000E+00  0.000E+00  0.000E+00  0.000E+00  0.000E+00  0.000E+00  0.000E+00  0.000E+00  0.000E+00  0.000E+00  0.000E+00  0.000E+00  0.000E+00  0.000E+00  0.000E+00 
vh+-:  -3.173E+01 -6.178E+01 -6.624E+01 -5.952E+01 -3.877E+01 -3.858E+01 -4.000E+01 -4.315E+01 -4.345E+01 -4.507E+01 -4.499E+01 -4.855E+01 -5.190E+01 -5.604E+01 -6.172E+01 -6.962E+01 -8.373E+01 -1.210E+02 -8.062E-01 -1.030E+00 -9.342E-02 
 vhC+-:-2.733E+01 -5.321E+01 -5.811E+01 -5.008E+01 -2.672E+01 -2.661E+01 -2.782E+01 -2.813E+01 -2.831E+01 -2.929E+01 -2.978E+01 -3.163E+01 -3.357E+01 -3.649E+01 -4.023E+01 -4.538E+01 -5.715E+01 -8.574E+01 -1.177E-03 -1.108E-03 -1.399E-04 
vh++:   0.000E+00  0.000E+00  0.000E+00  0.000E+00  0.000E+00  0.000E+00  0.000E+00  0.000E+00  0.000E+00  0.000E+00  0.000E+00  0.000E+00  0.000E+00  0.000E+00  0.000E+00  0.000E+00  0.000E+00  0.000E+00  0.000E+00  0.000E+00  0.000E+00 
 vhC++: 0.000E+00  0.000E+00  0.000E+00  0.000E+00  0.000E+00  0.000E+00  0.000E+00  0.000E+00  0.000E+00  0.000E+00  0.000E+00  0.000E+00  0.000E+00  0.000E+00  0.000E+00  0.000E+00  0.000E+00  0.000E+00  0.000E+00  0.000E+00  0.000E+00 
D:      3.132E+02 2.351E+02




--------------------------

Time     1   0  1.50 U-velocity violation at    0:  10 18 (  12.04 E   66.33 N) Layers   1 to  18. dt =  3600.    

Layers:         1          2          3          4          5          6          7          8          9         10         11         12         13         14         15         16         17         18 
u(m):   9.482E+00  9.504E+00  9.500E+00  9.507E+00  9.539E+00  9.547E+00  9.553E+00  9.386E+00  9.378E+00  9.370E+00  9.372E+00  9.370E+00  9.369E+00  9.368E+00  9.367E+00  9.365E+00  9.364E+00  9.230E+00 
u(3):   6.060E+00  6.071E+00  6.071E+00  6.071E+00  6.070E+00  6.071E+00  6.070E+00  6.059E+00  6.056E+00  6.052E+00  6.052E+00  6.052E+00  6.052E+00  6.052E+00  6.051E+00  6.050E+00  6.046E+00  5.984E+00 
CFL u:  7.610E-01  7.627E-01  7.624E-01  7.630E-01  7.656E-01  7.661E-01  7.666E-01  7.533E-01  7.526E-01  7.519E-01  7.521E-01  7.520E-01  7.519E-01  7.518E-01  7.517E-01  7.515E-01  7.515E-01  7.407E-01 
CFL0 u: 7.635E-01  7.652E-01  7.648E-01  7.655E-01  7.680E-01  7.686E-01  7.691E-01  7.557E-01  7.550E-01  7.544E-01  7.546E-01  7.544E-01  7.543E-01  7.543E-01  7.542E-01  7.540E-01  7.539E-01  7.431E-01 
CAu:    3.897E-01  3.928E-01  3.884E-01  3.957E-01  4.256E-01  4.387E-01  4.502E-01  1.964E-01  1.965E-01  1.962E-01  1.991E-01  1.974E-01  1.964E-01  1.969E-01  1.972E-01  1.976E-01  2.096E-01  2.270E-01 
PFu:    1.277E+02  1.277E+02  1.278E+02  1.278E+02  1.278E+02  1.278E+02  1.278E+02  1.277E+02  1.277E+02  1.277E+02  1.277E+02  1.277E+02  1.277E+02  1.277E+02  1.277E+02  1.277E+02  1.277E+02  1.278E+02 
diffu: -3.422E-01 -3.423E-01 -3.425E-01 -3.417E-01 -3.405E-01 -3.454E-01 -3.495E-01 -2.456E-01 -2.451E-01 -2.446E-01 -2.443E-01 -2.444E-01 -2.443E-01 -2.442E-01 -2.441E-01 -2.439E-01 -2.443E-01 -2.406E-01 
a:      0.000E+00  6.526E-06  4.966E-06  4.942E-06  4.915E-06  8.810E-04  1.067E-03  1.577E-05  2.447E-05  2.358E-05  2.263E-05  2.141E-05  1.971E-05  1.788E-05  5.468E-05  1.987E-04  1.963E-04  1.950E-04 
hvel:   1.043E+01  2.021E+01  2.006E+01  2.040E+01  2.029E+01  2.127E+01  2.311E+01  1.066E+01  1.073E+01  1.109E+01  1.128E+01  1.198E+01  1.270E+01  1.380E+01  1.520E+01  1.715E+01  2.157E+01  3.266E+01 
Stress:  -1.988E-01
dubt:  -1.183E+02 -1.183E+02 -1.183E+02 -1.183E+02 -1.183E+02 -1.183E+02 -1.183E+02 -1.183E+02 -1.183E+02 -1.183E+02 -1.183E+02 -1.183E+02 -1.183E+02 -1.183E+02 -1.183E+02 -1.183E+02 -1.183E+02 -1.183E+02 


h--:    1.028E+01  2.019E+01  2.406E+01  1.757E+01  1.960E-03  1.194E-03  3.033E-03  4.190E-03  4.450E-03  4.385E-03  6.465E-03  9.468E-03  1.336E-02  1.659E-02  2.166E-02  2.488E-02  6.559E-02  5.121E-02 
h+-:    1.000E-03  1.000E-03  1.000E-03  1.000E-03  1.000E-03  1.000E-03  1.000E-03  1.000E-03  1.000E-03  1.000E-03  1.000E-03  1.000E-03  1.000E-03  1.000E-03  1.000E-03  1.000E-03  1.000E-03  1.000E-03 
h-0:    1.038E+01  2.019E+01  1.999E+01  2.038E+01  2.025E+01  2.017E+01  2.108E+01  2.131E+01  2.145E+01  2.218E+01  2.256E+01  2.395E+01  2.540E+01  2.760E+01  3.040E+01  3.428E+01  4.314E+01  6.532E+01 
h+0:    1.049E+01  2.023E+01  2.014E+01  2.043E+01  2.032E+01  2.237E+01  2.514E+01  2.991E-03  2.798E-03  2.593E-03  2.051E-03  3.498E-03  3.729E-03  4.042E-03  3.398E-03  9.161E-03  4.606E-03  2.958E-03 
h-+:    1.000E-03  1.000E-03  1.000E-03  1.000E-03  1.000E-03  1.000E-03  1.000E-03  1.000E-03  1.000E-03  1.000E-03  1.000E-03  1.000E-03  1.000E-03  1.000E-03  1.000E-03  1.000E-03  1.000E-03  1.000E-03 
h++:    1.000E-03  1.000E-03  1.000E-03  1.000E-03  1.000E-03  1.000E-03  1.000E-03  1.000E-03  1.000E-03  1.000E-03  1.000E-03  1.000E-03  1.000E-03  1.000E-03  1.000E-03  1.000E-03  1.000E-03  1.000E-03 
e-:     2.351E+02  2.247E+02  2.046E+02  1.846E+02  1.642E+02  1.439E+02  1.238E+02  1.027E+02  8.137E+01  5.992E+01  3.773E+01  1.517E+01 -8.778E+00 -3.418E+01 -6.178E+01 -9.218E+01 -1.265E+02 -1.696E+02 -2.349E+02 
e+:     6.964E+01  5.915E+01  3.892E+01  1.878E+01 -1.644E+00 -2.196E+01 -4.433E+01 -6.947E+01 -6.947E+01 -6.947E+01 -6.948E+01 -6.948E+01 -6.948E+01 -6.949E+01 -6.949E+01 -6.949E+01 -6.950E+01 -6.951E+01 -6.951E+01 
T-:     6.608E+00  6.605E+00  6.627E+00  6.664E+00  6.723E+00  6.792E+00  6.862E+00  6.945E+00  7.053E+00  7.167E+00  7.257E+00  7.324E+00  7.387E+00  7.452E+00  7.507E+00  7.542E+00  7.554E+00  7.553E+00 
T+:     5.639E+00  5.702E+00  5.874E+00  6.021E+00  6.221E+00  6.456E+00  6.704E+00  6.799E+00  6.799E+00  6.799E+00  6.799E+00  6.799E+00  6.799E+00  6.799E+00  6.800E+00  6.800E+00  6.800E+00  6.800E+00 
S-:     1.708E+01  1.710E+01  1.713E+01  1.715E+01  1.717E+01  1.719E+01  1.721E+01  1.724E+01  1.727E+01  1.731E+01  1.734E+01  1.736E+01  1.738E+01  1.740E+01  1.742E+01  1.744E+01  1.747E+01  1.750E+01 
S+:     1.699E+01  1.703E+01  1.708E+01  1.712E+01  1.716E+01  1.720E+01  1.723E+01  1.724E+01  1.724E+01  1.724E+01  1.724E+01  1.724E+01  1.724E+01  1.724E+01  1.724E+01  1.724E+01  1.724E+01  1.724E+01 
vh--:  -3.173E+01 -6.178E+01 -6.624E+01 -5.952E+01 -3.877E+01 -3.858E+01 -4.000E+01 -4.315E+01 -4.345E+01 -4.507E+01 -4.499E+01 -4.855E+01 -5.190E+01 -5.604E+01 -6.172E+01 -6.962E+01 -8.373E+01 -1.210E+02 
 vhC--:-2.733E+01 -5.321E+01 -5.811E+01 -5.008E+01 -2.672E+01 -2.661E+01 -2.782E+01 -2.813E+01 -2.831E+01 -2.929E+01 -2.978E+01 -3.163E+01 -3.357E+01 -3.649E+01 -4.023E+01 -4.538E+01 -5.715E+01 -8.574E+01 
vh-+:   0.000E+00  0.000E+00  0.000E+00  0.000E+00  0.000E+00  0.000E+00  0.000E+00  0.000E+00  0.000E+00  0.000E+00  0.000E+00  0.000E+00  0.000E+00  0.000E+00  0.000E+00  0.000E+00  0.000E+00  0.000E+00 
 vhC-+: 0.000E+00  0.000E+00  0.000E+00  0.000E+00  0.000E+00  0.000E+00  0.000E+00  0.000E+00  0.000E+00  0.000E+00  0.000E+00  0.000E+00  0.000E+00  0.000E+00  0.000E+00  0.000E+00  0.000E+00  0.000E+00 
vh+-:   0.000E+00  0.000E+00  0.000E+00  0.000E+00  0.000E+00  0.000E+00  0.000E+00  0.000E+00  0.000E+00  0.000E+00  0.000E+00  0.000E+00  0.000E+00  0.000E+00  0.000E+00  0.000E+00  0.000E+00  0.000E+00 
 vhC+-: 0.000E+00  0.000E+00  0.000E+00  0.000E+00  0.000E+00  0.000E+00  0.000E+00  0.000E+00  0.000E+00  0.000E+00  0.000E+00  0.000E+00  0.000E+00  0.000E+00  0.000E+00  0.000E+00  0.000E+00  0.000E+00 
vh++:   0.000E+00  0.000E+00  0.000E+00  0.000E+00  0.000E+00  0.000E+00  0.000E+00  0.000E+00  0.000E+00  0.000E+00  0.000E+00  0.000E+00  0.000E+00  0.000E+00  0.000E+00  0.000E+00  0.000E+00  0.000E+00 
 vhC++: 0.000E+00  0.000E+00  0.000E+00  0.000E+00  0.000E+00  0.000E+00  0.000E+00  0.000E+00  0.000E+00  0.000E+00  0.000E+00  0.000E+00  0.000E+00  0.000E+00  0.000E+00  0.000E+00  0.000E+00  0.000E+00 
D:      2.351E+02 6.957E+01



